# Opening Analysis for Chess960: Results

* We provide the same list twice, first sorted by [Starting Position Index](#sorted-by-starting-position-index), and then sorted by [Average points for White](#sorted-by-average-points-for-white).
* The Starting Position Index (SPI) follows the [Chess960 numbering scheme](https://en.wikipedia.org/wiki/Fischer_random_chess_numbering_scheme).

## Sorted by Starting Position Index

| SPI | Board                            | # Played Games          | White           | Draw           | Black           | Average points for White |
|:---:|----------------------------------|:-----------------------:|:---------------:|:--------------:|:---------------:|:------------------------:|
| 0 | [BBQNNRKR](BoardAnalysis/bbqnnrkr.md) | 20000            | 23.4% | 57.1% | 19.5% | 0.519
| 1 | [BQNBNRKR](BoardAnalysis/bqnbnrkr.md) | 20000            | 25.8% | 52.2% | 22.0% | 0.519
| 2 | [BQNNRBKR](BoardAnalysis/bqnnrbkr.md) | 20000            | 27.5% | 53.3% | 19.2% | 0.542
| 3 | [BQNNRKRB](BoardAnalysis/bqnnrkrb.md) | 20000            | 25.8% | 56.4% | 17.8% | 0.540
| 4 | [QBBNNRKR](BoardAnalysis/qbbnnrkr.md) | 20000            | 32.1% | 49.2% | 18.8% | 0.566
| 5 | [QNBBNRKR](BoardAnalysis/qnbbnrkr.md) | 20000            | 27.4% | 52.5% | 20.1% | 0.536
| 6 | [QNBNRBKR](BoardAnalysis/qnbnrbkr.md) | 20000            | 29.9% | 52.4% | 17.7% | 0.561
| 7 | [QNBNRKRB](BoardAnalysis/qnbnrkrb.md) | 20000            | 27.9% | 53.2% | 18.8% | 0.546
| 8 | [QBNNBRKR](BoardAnalysis/qbnnbrkr.md) | 20000            | 33.3% | 48.6% | 18.1% | 0.576
| 9 | [QNNBBRKR](BoardAnalysis/qnnbbrkr.md) | 20000            | 27.0% | 53.6% | 19.4% | 0.538
| 10 | [QNNRBBKR](BoardAnalysis/qnnrbbkr.md) | 20000            | 27.1% | 55.4% | 17.5% | 0.548
| 11 | [QNNRBKRB](BoardAnalysis/qnnrbkrb.md) | 20000            | 29.2% | 53.9% | 16.9% | 0.562
| 12 | [QBNNRKBR](BoardAnalysis/qbnnrkbr.md) | 20000            | 29.0% | 54.0% | 17.1% | 0.559
| 13 | [QNNBRKBR](BoardAnalysis/qnnbrkbr.md) | 20000            | 22.9% | 59.5% | 17.6% | 0.527
| 14 | [QNNRKBBR](BoardAnalysis/qnnrkbbr.md) | 20000            | 22.8% | 60.8% | 16.4% | 0.532
| 15 | [QNNRKRBB](BoardAnalysis/qnnrkrbb.md) | 20000            | 33.0% | 49.8% | 17.2% | 0.579
| 16 | [BBNQNRKR](BoardAnalysis/bbnqnrkr.md) | 20000            | 29.9% | 50.4% | 19.7% | 0.551

----
# Sorted by Average points for White

| SPI | Board                            | # Played Games          | White           | Draw           | Black           | Average points for White |
|:---:|----------------------------------|:-----------------------:|:---------------:|:--------------:|:---------------:|:------------------------:|
| 15 | [QNNRKRBB](BoardAnalysis/qnnrkrbb.md) | 20000            | 33.0% | 49.8% | 17.2% | 0.579
| 8 | [QBNNBRKR](BoardAnalysis/qbnnbrkr.md) | 20000            | 33.3% | 48.6% | 18.1% | 0.576
| 4 | [QBBNNRKR](BoardAnalysis/qbbnnrkr.md) | 20000            | 32.1% | 49.2% | 18.8% | 0.566
| 11 | [QNNRBKRB](BoardAnalysis/qnnrbkrb.md) | 20000            | 29.2% | 53.9% | 16.9% | 0.562
| 6 | [QNBNRBKR](BoardAnalysis/qnbnrbkr.md) | 20000            | 29.9% | 52.4% | 17.7% | 0.561
| 12 | [QBNNRKBR](BoardAnalysis/qbnnrkbr.md) | 20000            | 29.0% | 54.0% | 17.1% | 0.559
| 16 | [BBNQNRKR](BoardAnalysis/bbnqnrkr.md) | 20000            | 29.9% | 50.4% | 19.7% | 0.551
| 10 | [QNNRBBKR](BoardAnalysis/qnnrbbkr.md) | 20000            | 27.1% | 55.4% | 17.5% | 0.548
| 7 | [QNBNRKRB](BoardAnalysis/qnbnrkrb.md) | 20000            | 27.9% | 53.2% | 18.8% | 0.546
| 2 | [BQNNRBKR](BoardAnalysis/bqnnrbkr.md) | 20000            | 27.5% | 53.3% | 19.2% | 0.542
| 3 | [BQNNRKRB](BoardAnalysis/bqnnrkrb.md) | 20000            | 25.8% | 56.4% | 17.8% | 0.540
| 9 | [QNNBBRKR](BoardAnalysis/qnnbbrkr.md) | 20000            | 27.0% | 53.6% | 19.4% | 0.538
| 5 | [QNBBNRKR](BoardAnalysis/qnbbnrkr.md) | 20000            | 27.4% | 52.5% | 20.1% | 0.536
| 14 | [QNNRKBBR](BoardAnalysis/qnnrkbbr.md) | 20000            | 22.8% | 60.8% | 16.4% | 0.532
| 13 | [QNNBRKBR](BoardAnalysis/qnnbrkbr.md) | 20000            | 22.9% | 59.5% | 17.6% | 0.527
| 0 | [BBQNNRKR](BoardAnalysis/bbqnnrkr.md) | 20000            | 23.4% | 57.1% | 19.5% | 0.519
| 1 | [BQNBNRKR](BoardAnalysis/bqnbnrkr.md) | 20000            | 25.8% | 52.2% | 22.0% | 0.519
