# Opening Analysis for Chess960: Results

* We provide the same list twice, first sorted by [board name](#sorted-by-board-name), and then sorted by [advantage for white](#sorted-by-advantage-for-white).
* The Starting Position Index (SPI) follows the [Chess960 numbering scheme](https://en.wikipedia.org/wiki/Fischer_random_chess_numbering_scheme).

## Sorted by board name

| SPI | Board                            | # Played Matches        | White           | Draw           | Black           | Average points for White |
|:-----:|----------------------------------|:-----------------------:|:---------------:|:--------------:|:---------------:|:------------------------:|
| 1 | [BBQNNRKR](BoardAnalysis/bbqnnrkr.md) | 100            | 35.0% | 26.0% | 39.0% | 0.48
| 2 | [BQNBNRKR](BoardAnalysis/bqnbnrkr.md) | 100            | 35.0% | 31.0% | 34.0% | 0.505
| 3 | [BQNNRBKR](BoardAnalysis/bqnnrbkr.md) | 100            | 38.0% | 28.0% | 34.0% | 0.52
| 4 | [BQNNRKRB](BoardAnalysis/bqnnrkrb.md) | 100            | 42.0% | 30.0% | 28.0% | 0.57
| 5 | [QBBNNRKR](BoardAnalysis/qbbnnrkr.md) | 100            | 41.0% | 25.0% | 34.0% | 0.535
| 6 | [QNBBNRKR](BoardAnalysis/qnbbnrkr.md) | 100            | 40.0% | 20.0% | 40.0% | 0.5
| 7 | [QNBNRBKR](BoardAnalysis/qnbnrbkr.md) | 100            | 46.0% | 29.0% | 25.0% | 0.605
| 8 | [QNBNRKRB](BoardAnalysis/qnbnrkrb.md) | 100            | 43.0% | 26.0% | 31.0% | 0.56
| 9 | [QBNNBRKR](BoardAnalysis/qbnnbrkr.md) | 100            | 40.0% | 22.0% | 38.0% | 0.51
| 10 | [QNNBBRKR](BoardAnalysis/qnnbbrkr.md) | 100            | 39.0% | 29.0% | 32.0% | 0.535
| 11 | [QNNRBBKR](BoardAnalysis/qnnrbbkr.md) | 100            | 31.0% | 39.0% | 30.0% | 0.505
| 12 | [QNNRBKRB](BoardAnalysis/qnnrbkrb.md) | 100            | 42.0% | 31.0% | 27.0% | 0.575
| 13 | [QBNNRKBR](BoardAnalysis/qbnnrkbr.md) | 100            | 46.0% | 25.0% | 29.0% | 0.585
| 14 | [QNNBRKBR](BoardAnalysis/qnnbrkbr.md) | 100            | 32.0% | 36.0% | 32.0% | 0.5
| 15 | [QNNRKBBR](BoardAnalysis/qnnrkbbr.md) | 100            | 38.0% | 37.0% | 25.0% | 0.565
| 16 | [QNNRKRBB](BoardAnalysis/qnnrkrbb.md) | 100            | 39.0% | 28.0% | 33.0% | 0.53
| 17 | [BBNQNRKR](BoardAnalysis/bbnqnrkr.md) | 100            | 35.0% | 31.0% | 34.0% | 0.505
| 18 | [BNQBNRKR](BoardAnalysis/bnqbnrkr.md) | 100            | 38.0% | 31.0% | 31.0% | 0.535
| 19 | [BNQNRBKR](BoardAnalysis/bnqnrbkr.md) | 100            | 38.0% | 29.0% | 33.0% | 0.525
| 20 | [BNQNRKRB](BoardAnalysis/bnqnrkrb.md) | 100            | 33.0% | 41.0% | 26.0% | 0.535
| 21 | [NBBQNRKR](BoardAnalysis/nbbqnrkr.md) | 100            | 36.0% | 38.0% | 26.0% | 0.55
| 22 | [NQBBNRKR](BoardAnalysis/nqbbnrkr.md) | 100            | 38.0% | 31.0% | 31.0% | 0.535
| 23 | [NQBNRBKR](BoardAnalysis/nqbnrbkr.md) | 100            | 43.0% | 31.0% | 26.0% | 0.585
| 24 | [NQBNRKRB](BoardAnalysis/nqbnrkrb.md) | 100            | 33.0% | 37.0% | 30.0% | 0.515
| 25 | [NBQNBRKR](BoardAnalysis/nbqnbrkr.md) | 100            | 36.0% | 36.0% | 28.0% | 0.54
| 26 | [NQNBBRKR](BoardAnalysis/nqnbbrkr.md) | 100            | 39.0% | 33.0% | 28.0% | 0.555
| 27 | [NQNRBBKR](BoardAnalysis/nqnrbbkr.md) | 100            | 50.0% | 27.0% | 23.0% | 0.635
| 28 | [NQNRBKRB](BoardAnalysis/nqnrbkrb.md) | 100            | 34.0% | 38.0% | 28.0% | 0.53
| 29 | [NBQNRKBR](BoardAnalysis/nbqnrkbr.md) | 100            | 36.0% | 36.0% | 28.0% | 0.54
| 30 | [NQNBRKBR](BoardAnalysis/nqnbrkbr.md) | 100            | 32.0% | 33.0% | 35.0% | 0.485
| 31 | [NQNRKBBR](BoardAnalysis/nqnrkbbr.md) | 100            | 39.0% | 30.0% | 31.0% | 0.54
| 32 | [NQNRKRBB](BoardAnalysis/nqnrkrbb.md) | 100            | 53.0% | 25.0% | 22.0% | 0.655
| 33 | [BBNNQRKR](BoardAnalysis/bbnnqrkr.md) | 100            | 37.0% | 32.0% | 31.0% | 0.53
| 34 | [BNNBQRKR](BoardAnalysis/bnnbqrkr.md) | 100            | 35.0% | 32.0% | 33.0% | 0.51
| 35 | [BNNQRBKR](BoardAnalysis/bnnqrbkr.md) | 100            | 37.0% | 33.0% | 30.0% | 0.535
| 36 | [BNNQRKRB](BoardAnalysis/bnnqrkrb.md) | 100            | 37.0% | 32.0% | 31.0% | 0.53
| 37 | [NBBNQRKR](BoardAnalysis/nbbnqrkr.md) | 100            | 34.0% | 31.0% | 35.0% | 0.495
| 38 | [NNBBQRKR](BoardAnalysis/nnbbqrkr.md) | 100            | 28.0% | 37.0% | 35.0% | 0.465
| 39 | [NNBQRBKR](BoardAnalysis/nnbqrbkr.md) | 100            | 36.0% | 38.0% | 26.0% | 0.55
| 40 | [NNBQRKRB](BoardAnalysis/nnbqrkrb.md) | 100            | 34.0% | 34.0% | 32.0% | 0.51
| 41 | [NBNQBRKR](BoardAnalysis/nbnqbrkr.md) | 100            | 40.0% | 28.0% | 32.0% | 0.54
| 42 | [NNQBBRKR](BoardAnalysis/nnqbbrkr.md) | 100            | 34.0% | 29.0% | 37.0% | 0.485
| 43 | [NNQRBBKR](BoardAnalysis/nnqrbbkr.md) | 100            | 41.0% | 32.0% | 27.0% | 0.57
| 44 | [NNQRBKRB](BoardAnalysis/nnqrbkrb.md) | 100            | 33.0% | 36.0% | 31.0% | 0.51
| 45 | [NBNQRKBR](BoardAnalysis/nbnqrkbr.md) | 100            | 44.0% | 28.0% | 28.0% | 0.58
| 46 | [NNQBRKBR](BoardAnalysis/nnqbrkbr.md) | 100            | 37.0% | 37.0% | 26.0% | 0.555
| 47 | [NNQRKBBR](BoardAnalysis/nnqrkbbr.md) | 100            | 44.0% | 30.0% | 26.0% | 0.59
| 48 | [NNQRKRBB](BoardAnalysis/nnqrkrbb.md) | 100            | 38.0% | 38.0% | 24.0% | 0.57

----
# Sorted by Advantage for White

| SPI | Board                            | # Played Matches        | White           | Draw           | Black           | Average points for White |
|:-----:|----------------------------------|:-----------------------:|:---------------:|:--------------:|:---------------:|:------------------------:|
| 32 | [NQNRKRBB](BoardAnalysis/nqnrkrbb.md) | 100            | 53.0% | 25.0% | 22.0% | 0.655
| 27 | [NQNRBBKR](BoardAnalysis/nqnrbbkr.md) | 100            | 50.0% | 27.0% | 23.0% | 0.635
| 7 | [QNBNRBKR](BoardAnalysis/qnbnrbkr.md) | 100            | 46.0% | 29.0% | 25.0% | 0.605
| 13 | [QBNNRKBR](BoardAnalysis/qbnnrkbr.md) | 100            | 46.0% | 25.0% | 29.0% | 0.585
| 23 | [NQBNRBKR](BoardAnalysis/nqbnrbkr.md) | 100            | 43.0% | 31.0% | 26.0% | 0.585
| 12 | [QNNRBKRB](BoardAnalysis/qnnrbkrb.md) | 100            | 42.0% | 31.0% | 27.0% | 0.575
| 15 | [QNNRKBBR](BoardAnalysis/qnnrkbbr.md) | 100            | 38.0% | 37.0% | 25.0% | 0.565
| 26 | [NQNBBRKR](BoardAnalysis/nqnbbrkr.md) | 100            | 39.0% | 33.0% | 28.0% | 0.555
| 46 | [NNQBRKBR](BoardAnalysis/nnqbrkbr.md) | 100            | 37.0% | 37.0% | 26.0% | 0.555
| 5 | [QBBNNRKR](BoardAnalysis/qbbnnrkr.md) | 100            | 41.0% | 25.0% | 34.0% | 0.535
| 10 | [QNNBBRKR](BoardAnalysis/qnnbbrkr.md) | 100            | 39.0% | 29.0% | 32.0% | 0.535
| 18 | [BNQBNRKR](BoardAnalysis/bnqbnrkr.md) | 100            | 38.0% | 31.0% | 31.0% | 0.535
| 20 | [BNQNRKRB](BoardAnalysis/bnqnrkrb.md) | 100            | 33.0% | 41.0% | 26.0% | 0.535
| 22 | [NQBBNRKR](BoardAnalysis/nqbbnrkr.md) | 100            | 38.0% | 31.0% | 31.0% | 0.535
| 35 | [BNNQRBKR](BoardAnalysis/bnnqrbkr.md) | 100            | 37.0% | 33.0% | 30.0% | 0.535
| 19 | [BNQNRBKR](BoardAnalysis/bnqnrbkr.md) | 100            | 38.0% | 29.0% | 33.0% | 0.525
| 24 | [NQBNRKRB](BoardAnalysis/nqbnrkrb.md) | 100            | 33.0% | 37.0% | 30.0% | 0.515
| 2 | [BQNBNRKR](BoardAnalysis/bqnbnrkr.md) | 100            | 35.0% | 31.0% | 34.0% | 0.505
| 3 | [BQNNRBKR](BoardAnalysis/bqnnrbkr.md) | 100            | 38.0% | 28.0% | 34.0% | 0.52
| 4 | [BQNNRKRB](BoardAnalysis/bqnnrkrb.md) | 100            | 42.0% | 30.0% | 28.0% | 0.57
| 8 | [QNBNRKRB](BoardAnalysis/qnbnrkrb.md) | 100            | 43.0% | 26.0% | 31.0% | 0.56
| 9 | [QBNNBRKR](BoardAnalysis/qbnnbrkr.md) | 100            | 40.0% | 22.0% | 38.0% | 0.51
| 11 | [QNNRBBKR](BoardAnalysis/qnnrbbkr.md) | 100            | 31.0% | 39.0% | 30.0% | 0.505
| 16 | [QNNRKRBB](BoardAnalysis/qnnrkrbb.md) | 100            | 39.0% | 28.0% | 33.0% | 0.53
| 17 | [BBNQNRKR](BoardAnalysis/bbnqnrkr.md) | 100            | 35.0% | 31.0% | 34.0% | 0.505
| 21 | [NBBQNRKR](BoardAnalysis/nbbqnrkr.md) | 100            | 36.0% | 38.0% | 26.0% | 0.55
| 25 | [NBQNBRKR](BoardAnalysis/nbqnbrkr.md) | 100            | 36.0% | 36.0% | 28.0% | 0.54
| 28 | [NQNRBKRB](BoardAnalysis/nqnrbkrb.md) | 100            | 34.0% | 38.0% | 28.0% | 0.53
| 29 | [NBQNRKBR](BoardAnalysis/nbqnrkbr.md) | 100            | 36.0% | 36.0% | 28.0% | 0.54
| 31 | [NQNRKBBR](BoardAnalysis/nqnrkbbr.md) | 100            | 39.0% | 30.0% | 31.0% | 0.54
| 33 | [BBNNQRKR](BoardAnalysis/bbnnqrkr.md) | 100            | 37.0% | 32.0% | 31.0% | 0.53
| 34 | [BNNBQRKR](BoardAnalysis/bnnbqrkr.md) | 100            | 35.0% | 32.0% | 33.0% | 0.51
| 36 | [BNNQRKRB](BoardAnalysis/bnnqrkrb.md) | 100            | 37.0% | 32.0% | 31.0% | 0.53
| 39 | [NNBQRBKR](BoardAnalysis/nnbqrbkr.md) | 100            | 36.0% | 38.0% | 26.0% | 0.55
| 40 | [NNBQRKRB](BoardAnalysis/nnbqrkrb.md) | 100            | 34.0% | 34.0% | 32.0% | 0.51
| 41 | [NBNQBRKR](BoardAnalysis/nbnqbrkr.md) | 100            | 40.0% | 28.0% | 32.0% | 0.54
| 43 | [NNQRBBKR](BoardAnalysis/nnqrbbkr.md) | 100            | 41.0% | 32.0% | 27.0% | 0.57
| 44 | [NNQRBKRB](BoardAnalysis/nnqrbkrb.md) | 100            | 33.0% | 36.0% | 31.0% | 0.51
| 45 | [NBNQRKBR](BoardAnalysis/nbnqrkbr.md) | 100            | 44.0% | 28.0% | 28.0% | 0.58
| 47 | [NNQRKBBR](BoardAnalysis/nnqrkbbr.md) | 100            | 44.0% | 30.0% | 26.0% | 0.59
| 48 | [NNQRKRBB](BoardAnalysis/nnqrkrbb.md) | 100            | 38.0% | 38.0% | 24.0% | 0.57
| 37 | [NBBNQRKR](BoardAnalysis/nbbnqrkr.md) | 100            | 34.0% | 31.0% | 35.0% | 0.495
| 30 | [NQNBRKBR](BoardAnalysis/nqnbrkbr.md) | 100            | 32.0% | 33.0% | 35.0% | 0.485
| 42 | [NNQBBRKR](BoardAnalysis/nnqbbrkr.md) | 100            | 34.0% | 29.0% | 37.0% | 0.485
| 38 | [NNBBQRKR](BoardAnalysis/nnbbqrkr.md) | 100            | 28.0% | 37.0% | 35.0% | 0.465
| 1 | [BBQNNRKR](BoardAnalysis/bbqnnrkr.md) | 100            | 35.0% | 26.0% | 39.0% | 0.48
| 6 | [QNBBNRKR](BoardAnalysis/qnbbnrkr.md) | 100            | 40.0% | 20.0% | 40.0% | 0.5
| 14 | [QNNBRKBR](BoardAnalysis/qnnbrkbr.md) | 100            | 32.0% | 36.0% | 32.0% | 0.5
