# Opening Analysis for Chess960: Results

We provide the same list twice, first sorted by [board name](#sorted-by-board-name), and then sorted by [advantage for white](#sorted-by-advantage-for-white).

## Sorted by board name

| Index | Board                            | # Played Matches        | White           | Draw           | Black           | Average points for White |
|:-----:|----------------------------------|:-----------------------:|:---------------:|:--------------:|:---------------:|:------------------------:|
| 1 | [BBNNQRKR](BoardAnalysis/bbnnqrkr.md) | 19700            | 37.3% | 45.0% | 17.7% | 59.8
| 2 | [BBNNRKQR](BoardAnalysis/bbnnrkqr.md) | 19709            | 31.5% | 48.8% | 19.7% | 55.9
| 3 | [BBNNRKRQ](BoardAnalysis/bbnnrkrq.md) | 19690            | 40.4% | 41.8% | 17.8% | 61.3
| 4 | [BBNNRQKR](BoardAnalysis/bbnnrqkr.md) | 19700            | 30.1% | 49.1% | 20.9% | 54.6
| 5 | [BBNQNRKR](BoardAnalysis/bbnqnrkr.md) | 19690            | 30.0% | 50.3% | 19.8% | 55.1
| 6 | [BBNQRKNR](BoardAnalysis/bbnqrknr.md) | 19700            | 28.8% | 51.7% | 19.5% | 54.7
| 7 | [BBNQRKRN](BoardAnalysis/bbnqrkrn.md) | 19690            | 23.6% | 56.8% | 19.6% | 52.0
| 8 | [BBNQRNKR](BoardAnalysis/bbnqrnkr.md) | 19700            | 27.8% | 50.6% | 21.5% | 53.1
| 9 | [BBNRKNQR](BoardAnalysis/bbnrknqr.md) | 19680            | 29.2% | 50.6% | 20.2% | 54.5
| 10 | [BBNRKNRQ](BoardAnalysis/bbnrknrq.md) | 19690            | 31.4% | 46.2% | 22.4% | 54.5
| 11 | [BBNRKQNR](BoardAnalysis/bbnrkqnr.md) | 19690            | 23.8% | 55.6% | 20.5% | 51.7
| 12 | [BBNRKQRN](BoardAnalysis/bbnrkqrn.md) | 19690            | 33.4% | 49.9% | 16.8% | 58.3
| 13 | [BBNRKRNQ](BoardAnalysis/bbnrkrnq.md) | 19680            | 40.4% | 42.8% | 16.8% | 61.8
| 14 | [BBNRKRQN](BoardAnalysis/bbnrkrqn.md) | 19670            | 27.1% | 54.6% | 18.4% | 54.4
| 15 | [BBNRNKQR](BoardAnalysis/bbnrnkqr.md) | 19690            | 31.8% | 49.3% | 18.9% | 56.5
| 16 | [BBNRNKRQ](BoardAnalysis/bbnrnkrq.md) | 19690            | 35.6% | 45.6% | 18.8% | 58.4
| 17 | [BBNRNQKR](BoardAnalysis/bbnrnqkr.md) | 19707            | 29.2% | 52.1% | 18.8% | 55.2
| 18 | [BBNRQKNR](BoardAnalysis/bbnrqknr.md) | 19707            | 30.2% | 51.8% | 18.0% | 56.1
| 19 | [BBNRQKRN](BoardAnalysis/bbnrqkrn.md) | 19670            | 22.7% | 57.7% | 19.6% | 51.6
| 20 | [BBNRQNKR](BoardAnalysis/bbnrqnkr.md) | 19700            | 31.8% | 49.6% | 18.6% | 56.6
| 21 | [BBQNNRKR](BoardAnalysis/bbqnnrkr.md) | 19618            | 23.5% | 56.9% | 19.6% | 52.0
| 22 | [BBQNRKNR](BoardAnalysis/bbqnrknr.md) | 19700            | 26.2% | 50.6% | 23.2% | 51.5
| 23 | [BBQNRKRN](BoardAnalysis/bbqnrkrn.md) | 19680            | 31.2% | 48.7% | 20.1% | 55.6
| 24 | [BBQNRNKR](BoardAnalysis/bbqnrnkr.md) | 19690            | 30.9% | 49.4% | 19.7% | 55.6
| 25 | [BBQRKNNR](BoardAnalysis/bbqrknnr.md) | 19630            | 26.4% | 54.9% | 18.7% | 53.9
| 26 | [BBQRKNRN](BoardAnalysis/bbqrknrn.md) | 19620            | 29.7% | 49.7% | 20.5% | 54.6
| 27 | [BBQRKRNN](BoardAnalysis/bbqrkrnn.md) | 19620            | 31.2% | 51.7% | 17.1% | 57.0
| 28 | [BBQRNKNR](BoardAnalysis/bbqrnknr.md) | 19650            | 27.3% | 54.1% | 18.6% | 54.3
| 29 | [BBQRNKRN](BoardAnalysis/bbqrnkrn.md) | 19640            | 18.7% | 65.8% | 15.5% | 51.6
| 30 | [BBQRNNKR](BoardAnalysis/bbqrnnkr.md) | 19670            | 28.2% | 51.6% | 20.2% | 54.0
| 31 | [BBRKNNQR](BoardAnalysis/bbrknnqr.md) | 19620            | 27.1% | 55.9% | 17.0% | 55.0
| 32 | [BBRKNNRQ](BoardAnalysis/bbrknnrq.md) | 19620            | 37.0% | 45.3% | 17.7% | 59.7
| 33 | [BBRKNQNR](BoardAnalysis/bbrknqnr.md) | 19630            | 26.0% | 53.8% | 20.2% | 52.9
| 34 | [BBRKNQRN](BoardAnalysis/bbrknqrn.md) | 19620            | 27.7% | 55.3% | 17.0% | 55.3
| 35 | [BBRKNRNQ](BoardAnalysis/bbrknrnq.md) | 19620            | 38.1% | 45.5% | 16.4% | 60.8
| 36 | [BBRKNRQN](BoardAnalysis/bbrknrqn.md) | 19620            | 23.9% | 54.9% | 21.2% | 51.4
| 37 | [BBRKQNNR](BoardAnalysis/bbrkqnnr.md) | 19630            | 29.1% | 52.5% | 18.4% | 55.3
| 38 | [BBRKQNRN](BoardAnalysis/bbrkqnrn.md) | 19610            | 30.2% | 49.7% | 20.1% | 55.0
| 39 | [BBRKQRNN](BoardAnalysis/bbrkqrnn.md) | 19620            | 26.8% | 54.1% | 19.1% | 53.8
| 40 | [BBRKRNNQ](BoardAnalysis/bbrkrnnq.md) | 19630            | 37.6% | 47.3% | 15.1% | 61.2
| 41 | [BBRKRNQN](BoardAnalysis/bbrkrnqn.md) | 19630            | 25.9% | 54.4% | 19.7% | 53.1
| 42 | [BBRKRQNN](BoardAnalysis/bbrkrqnn.md) | 19630            | 26.8% | 55.8% | 17.4% | 54.7
| 43 | [BBRNKNQR](BoardAnalysis/bbrnknqr.md) | 19640            | 26.8% | 51.0% | 22.2% | 52.3
| 44 | [BBRNKNRQ](BoardAnalysis/bbrnknrq.md) | 19640            | 37.2% | 45.7% | 17.1% | 60.0
| 45 | [BBRNKQNR](BoardAnalysis/bbrnkqnr.md) | 19640            | 24.0% | 55.2% | 20.8% | 51.6
| 46 | [BBRNKQRN](BoardAnalysis/bbrnkqrn.md) | 19640            | 23.7% | 56.3% | 20.1% | 51.8
| 47 | [BBRNKRNQ](BoardAnalysis/bbrnkrnq.md) | 19630            | 25.5% | 53.7% | 20.8% | 52.3
| 48 | [BBRNKRQN](BoardAnalysis/bbrnkrqn.md) | 19630            | 29.9% | 52.1% | 17.9% | 56.0
| 49 | [BBRNNKQR](BoardAnalysis/bbrnnkqr.md) | 19650            | 26.8% | 52.9% | 20.3% | 53.3
| 50 | [BBRNNKRQ](BoardAnalysis/bbrnnkrq.md) | 19680            | 28.9% | 48.7% | 22.4% | 53.3
| 51 | [BBRNNQKR](BoardAnalysis/bbrnnqkr.md) | 19680            | 25.1% | 53.1% | 21.7% | 51.7
| 52 | [BBRNQKNR](BoardAnalysis/bbrnqknr.md) | 19640            | 24.1% | 55.6% | 20.3% | 51.9
| 53 | [BBRNQKRN](BoardAnalysis/bbrnqkrn.md) | 19640            | 37.8% | 44.1% | 18.0% | 59.9
| 54 | [BBRNQNKR](BoardAnalysis/bbrnqnkr.md) | 19660            | 31.4% | 47.4% | 21.2% | 55.1
| 55 | [BBRQKNNR](BoardAnalysis/bbrqknnr.md) | 19630            | 26.3% | 52.6% | 21.1% | 52.6
| 56 | [BBRQKNRN](BoardAnalysis/bbrqknrn.md) | 19620            | 36.0% | 46.5% | 17.5% | 59.3
| 57 | [BBRQKRNN](BoardAnalysis/bbrqkrnn.md) | 19610            | 39.6% | 44.7% | 15.7% | 62.0
| 58 | [BBRQNKNR](BoardAnalysis/bbrqnknr.md) | 19640            | 28.2% | 50.2% | 21.7% | 53.2
| 59 | [BBRQNKRN](BoardAnalysis/bbrqnkrn.md) | 19640            | 32.5% | 49.6% | 17.9% | 57.3
| 60 | [BBRQNNKR](BoardAnalysis/bbrqnnkr.md) | 19680            | 23.9% | 54.9% | 21.2% | 51.4
| 61 | [BNNBQRKR](BoardAnalysis/bnnbqrkr.md) | 19697            | 30.1% | 50.1% | 19.8% | 55.2
| 62 | [BNNBRKQR](BoardAnalysis/bnnbrkqr.md) | 19700            | 30.4% | 52.0% | 17.6% | 56.4
| 63 | [BNNBRKRQ](BoardAnalysis/bnnbrkrq.md) | 19710            | 31.7% | 50.6% | 17.7% | 57.0
| 64 | [BNNBRQKR](BoardAnalysis/bnnbrqkr.md) | 19700            | 27.3% | 54.0% | 18.7% | 54.3
| 65 | [BNNQRBKR](BoardAnalysis/bnnqrbkr.md) | 19690            | 23.3% | 56.7% | 20.0% | 51.6
| 66 | [BNNQRKRB](BoardAnalysis/bnnqrkrb.md) | 19690            | 23.2% | 58.4% | 18.4% | 52.4
| 67 | [BNNRKBQR](BoardAnalysis/bnnrkbqr.md) | 19700            | 25.5% | 53.9% | 20.7% | 52.4
| 68 | [BNNRKBRQ](BoardAnalysis/bnnrkbrq.md) | 19710            | 34.8% | 46.3% | 18.9% | 57.9
| 69 | [BNNRKQRB](BoardAnalysis/bnnrkqrb.md) | 19700            | 24.3% | 57.1% | 18.6% | 52.9
| 70 | [BNNRKRQB](BoardAnalysis/bnnrkrqb.md) | 19710            | 27.5% | 55.4% | 17.1% | 55.2
| 71 | [BNNRQBKR](BoardAnalysis/bnnrqbkr.md) | 19700            | 33.8% | 49.3% | 16.8% | 58.5
| 72 | [BNNRQKRB](BoardAnalysis/bnnrqkrb.md) | 19700            | 22.6% | 59.4% | 18.0% | 52.3
| 73 | [BNQBNRKR](BoardAnalysis/bnqbnrkr.md) | 19690            | 24.4% | 53.2% | 22.4% | 51.0
| 74 | [BNQBRKNR](BoardAnalysis/bnqbrknr.md) | 19700            | 26.1% | 53.8% | 20.2% | 52.9
| 75 | [BNQBRKRN](BoardAnalysis/bnqbrkrn.md) | 19690            | 30.6% | 50.3% | 19.1% | 55.8
| 76 | [BNQBRNKR](BoardAnalysis/bnqbrnkr.md) | 19700            | 28.4% | 52.8% | 18.8% | 54.8

----
# Sorted by Advantage for White

| Index | Board                            | # Played Matches        | White           | Draw           | Black           | Average points for White |
|:-----:|----------------------------------|:-----------------------:|:---------------:|:--------------:|:---------------:|:------------------------:|
| 57 | [BBRQKRNN](BoardAnalysis/bbrqkrnn.md) | 19610            | 39.6% | 44.7% | 15.7% | 62.0
| 13 | [BBNRKRNQ](BoardAnalysis/bbnrkrnq.md) | 19680            | 40.4% | 42.8% | 16.8% | 61.8
| 3 | [BBNNRKRQ](BoardAnalysis/bbnnrkrq.md) | 19690            | 40.4% | 41.8% | 17.8% | 61.3
| 40 | [BBRKRNNQ](BoardAnalysis/bbrkrnnq.md) | 19630            | 37.6% | 47.3% | 15.1% | 61.2
| 35 | [BBRKNRNQ](BoardAnalysis/bbrknrnq.md) | 19620            | 38.1% | 45.5% | 16.4% | 60.8
| 44 | [BBRNKNRQ](BoardAnalysis/bbrnknrq.md) | 19640            | 37.2% | 45.7% | 17.1% | 60.0
| 53 | [BBRNQKRN](BoardAnalysis/bbrnqkrn.md) | 19640            | 37.8% | 44.1% | 18.0% | 59.9
| 1 | [BBNNQRKR](BoardAnalysis/bbnnqrkr.md) | 19700            | 37.3% | 45.0% | 17.7% | 59.8
| 32 | [BBRKNNRQ](BoardAnalysis/bbrknnrq.md) | 19620            | 37.0% | 45.3% | 17.7% | 59.7
| 56 | [BBRQKNRN](BoardAnalysis/bbrqknrn.md) | 19620            | 36.0% | 46.5% | 17.5% | 59.3
| 71 | [BNNRQBKR](BoardAnalysis/bnnrqbkr.md) | 19700            | 33.8% | 49.3% | 16.8% | 58.5
| 16 | [BBNRNKRQ](BoardAnalysis/bbnrnkrq.md) | 19690            | 35.6% | 45.6% | 18.8% | 58.4
| 12 | [BBNRKQRN](BoardAnalysis/bbnrkqrn.md) | 19690            | 33.4% | 49.9% | 16.8% | 58.3
| 68 | [BNNRKBRQ](BoardAnalysis/bnnrkbrq.md) | 19710            | 34.8% | 46.3% | 18.9% | 57.9
| 59 | [BBRQNKRN](BoardAnalysis/bbrqnkrn.md) | 19640            | 32.5% | 49.6% | 17.9% | 57.3
| 27 | [BBQRKRNN](BoardAnalysis/bbqrkrnn.md) | 19620            | 31.2% | 51.7% | 17.1% | 57.0
| 63 | [BNNBRKRQ](BoardAnalysis/bnnbrkrq.md) | 19710            | 31.7% | 50.6% | 17.7% | 57.0
| 20 | [BBNRQNKR](BoardAnalysis/bbnrqnkr.md) | 19700            | 31.8% | 49.6% | 18.6% | 56.6
| 15 | [BBNRNKQR](BoardAnalysis/bbnrnkqr.md) | 19690            | 31.8% | 49.3% | 18.9% | 56.5
| 62 | [BNNBRKQR](BoardAnalysis/bnnbrkqr.md) | 19700            | 30.4% | 52.0% | 17.6% | 56.4
| 18 | [BBNRQKNR](BoardAnalysis/bbnrqknr.md) | 19707            | 30.2% | 51.8% | 18.0% | 56.1
| 48 | [BBRNKRQN](BoardAnalysis/bbrnkrqn.md) | 19630            | 29.9% | 52.1% | 17.9% | 56.0
| 2 | [BBNNRKQR](BoardAnalysis/bbnnrkqr.md) | 19709            | 31.5% | 48.8% | 19.7% | 55.9
| 75 | [BNQBRKRN](BoardAnalysis/bnqbrkrn.md) | 19690            | 30.6% | 50.3% | 19.1% | 55.8
| 23 | [BBQNRKRN](BoardAnalysis/bbqnrkrn.md) | 19680            | 31.2% | 48.7% | 20.1% | 55.6
| 24 | [BBQNRNKR](BoardAnalysis/bbqnrnkr.md) | 19690            | 30.9% | 49.4% | 19.7% | 55.6
| 34 | [BBRKNQRN](BoardAnalysis/bbrknqrn.md) | 19620            | 27.7% | 55.3% | 17.0% | 55.3
| 37 | [BBRKQNNR](BoardAnalysis/bbrkqnnr.md) | 19630            | 29.1% | 52.5% | 18.4% | 55.3
| 17 | [BBNRNQKR](BoardAnalysis/bbnrnqkr.md) | 19707            | 29.2% | 52.1% | 18.8% | 55.2
| 61 | [BNNBQRKR](BoardAnalysis/bnnbqrkr.md) | 19697            | 30.1% | 50.1% | 19.8% | 55.2
| 70 | [BNNRKRQB](BoardAnalysis/bnnrkrqb.md) | 19710            | 27.5% | 55.4% | 17.1% | 55.2
| 5 | [BBNQNRKR](BoardAnalysis/bbnqnrkr.md) | 19690            | 30.0% | 50.3% | 19.8% | 55.1
| 54 | [BBRNQNKR](BoardAnalysis/bbrnqnkr.md) | 19660            | 31.4% | 47.4% | 21.2% | 55.1
| 31 | [BBRKNNQR](BoardAnalysis/bbrknnqr.md) | 19620            | 27.1% | 55.9% | 17.0% | 55.0
| 38 | [BBRKQNRN](BoardAnalysis/bbrkqnrn.md) | 19610            | 30.2% | 49.7% | 20.1% | 55.0
| 76 | [BNQBRNKR](BoardAnalysis/bnqbrnkr.md) | 19700            | 28.4% | 52.8% | 18.8% | 54.8
| 6 | [BBNQRKNR](BoardAnalysis/bbnqrknr.md) | 19700            | 28.8% | 51.7% | 19.5% | 54.7
| 42 | [BBRKRQNN](BoardAnalysis/bbrkrqnn.md) | 19630            | 26.8% | 55.8% | 17.4% | 54.7
| 4 | [BBNNRQKR](BoardAnalysis/bbnnrqkr.md) | 19700            | 30.1% | 49.1% | 20.9% | 54.6
| 26 | [BBQRKNRN](BoardAnalysis/bbqrknrn.md) | 19620            | 29.7% | 49.7% | 20.5% | 54.6
| 9 | [BBNRKNQR](BoardAnalysis/bbnrknqr.md) | 19680            | 29.2% | 50.6% | 20.2% | 54.5
| 10 | [BBNRKNRQ](BoardAnalysis/bbnrknrq.md) | 19690            | 31.4% | 46.2% | 22.4% | 54.5
| 14 | [BBNRKRQN](BoardAnalysis/bbnrkrqn.md) | 19670            | 27.1% | 54.6% | 18.4% | 54.4
| 28 | [BBQRNKNR](BoardAnalysis/bbqrnknr.md) | 19650            | 27.3% | 54.1% | 18.6% | 54.3
| 64 | [BNNBRQKR](BoardAnalysis/bnnbrqkr.md) | 19700            | 27.3% | 54.0% | 18.7% | 54.3
| 30 | [BBQRNNKR](BoardAnalysis/bbqrnnkr.md) | 19670            | 28.2% | 51.6% | 20.2% | 54.0
| 25 | [BBQRKNNR](BoardAnalysis/bbqrknnr.md) | 19630            | 26.4% | 54.9% | 18.7% | 53.9
| 39 | [BBRKQRNN](BoardAnalysis/bbrkqrnn.md) | 19620            | 26.8% | 54.1% | 19.1% | 53.8
| 49 | [BBRNNKQR](BoardAnalysis/bbrnnkqr.md) | 19650            | 26.8% | 52.9% | 20.3% | 53.3
| 50 | [BBRNNKRQ](BoardAnalysis/bbrnnkrq.md) | 19680            | 28.9% | 48.7% | 22.4% | 53.3
| 58 | [BBRQNKNR](BoardAnalysis/bbrqnknr.md) | 19640            | 28.2% | 50.2% | 21.7% | 53.2
| 8 | [BBNQRNKR](BoardAnalysis/bbnqrnkr.md) | 19700            | 27.8% | 50.6% | 21.5% | 53.1
| 41 | [BBRKRNQN](BoardAnalysis/bbrkrnqn.md) | 19630            | 25.9% | 54.4% | 19.7% | 53.1
| 33 | [BBRKNQNR](BoardAnalysis/bbrknqnr.md) | 19630            | 26.0% | 53.8% | 20.2% | 52.9
| 69 | [BNNRKQRB](BoardAnalysis/bnnrkqrb.md) | 19700            | 24.3% | 57.1% | 18.6% | 52.9
| 74 | [BNQBRKNR](BoardAnalysis/bnqbrknr.md) | 19700            | 26.1% | 53.8% | 20.2% | 52.9
| 55 | [BBRQKNNR](BoardAnalysis/bbrqknnr.md) | 19630            | 26.3% | 52.6% | 21.1% | 52.6
| 66 | [BNNQRKRB](BoardAnalysis/bnnqrkrb.md) | 19690            | 23.2% | 58.4% | 18.4% | 52.4
| 67 | [BNNRKBQR](BoardAnalysis/bnnrkbqr.md) | 19700            | 25.5% | 53.9% | 20.7% | 52.4
| 43 | [BBRNKNQR](BoardAnalysis/bbrnknqr.md) | 19640            | 26.8% | 51.0% | 22.2% | 52.3
| 47 | [BBRNKRNQ](BoardAnalysis/bbrnkrnq.md) | 19630            | 25.5% | 53.7% | 20.8% | 52.3
| 72 | [BNNRQKRB](BoardAnalysis/bnnrqkrb.md) | 19700            | 22.6% | 59.4% | 18.0% | 52.3
| 7 | [BBNQRKRN](BoardAnalysis/bbnqrkrn.md) | 19690            | 23.6% | 56.8% | 19.6% | 52.0
| 21 | [BBQNNRKR](BoardAnalysis/bbqnnrkr.md) | 19618            | 23.5% | 56.9% | 19.6% | 52.0
| 52 | [BBRNQKNR](BoardAnalysis/bbrnqknr.md) | 19640            | 24.1% | 55.6% | 20.3% | 51.9
| 46 | [BBRNKQRN](BoardAnalysis/bbrnkqrn.md) | 19640            | 23.7% | 56.3% | 20.1% | 51.8
| 11 | [BBNRKQNR](BoardAnalysis/bbnrkqnr.md) | 19690            | 23.8% | 55.6% | 20.5% | 51.7
| 51 | [BBRNNQKR](BoardAnalysis/bbrnnqkr.md) | 19680            | 25.1% | 53.1% | 21.7% | 51.7
| 19 | [BBNRQKRN](BoardAnalysis/bbnrqkrn.md) | 19670            | 22.7% | 57.7% | 19.6% | 51.6
| 29 | [BBQRNKRN](BoardAnalysis/bbqrnkrn.md) | 19640            | 18.7% | 65.8% | 15.5% | 51.6
| 45 | [BBRNKQNR](BoardAnalysis/bbrnkqnr.md) | 19640            | 24.0% | 55.2% | 20.8% | 51.6
| 65 | [BNNQRBKR](BoardAnalysis/bnnqrbkr.md) | 19690            | 23.3% | 56.7% | 20.0% | 51.6
| 22 | [BBQNRKNR](BoardAnalysis/bbqnrknr.md) | 19700            | 26.2% | 50.6% | 23.2% | 51.5
| 36 | [BBRKNRQN](BoardAnalysis/bbrknrqn.md) | 19620            | 23.9% | 54.9% | 21.2% | 51.4
| 60 | [BBRQNNKR](BoardAnalysis/bbrqnnkr.md) | 19680            | 23.9% | 54.9% | 21.2% | 51.4
| 73 | [BNQBNRKR](BoardAnalysis/bnqbnrkr.md) | 19690            | 24.4% | 53.2% | 22.4% | 51.0
