# Opening Analysis for Chess960: Results

* We provide the same list twice, first sorted by [board name](#sorted-by-board-name), and then sorted by [advantage for white](#sorted-by-advantage-for-white).
* The Starting Position Index (SPI) follows the [Chess960 numbering scheme](https://en.wikipedia.org/wiki/Fischer_random_chess_numbering_scheme).

## Sorted by board name

| SPI | Board                            | # Played Matches        | White           | Draw           | Black           | Average points for White |
|:-----:|----------------------------------|:-----------------------:|:---------------:|:--------------:|:---------------:|:------------------------:|
| 1 | [BBQNNRKR](BoardAnalysis/bbqnnrkr.md) | 100            | 35.0% | 26.0% | 39.0% | 0.480
| 2 | [BQNBNRKR](BoardAnalysis/bqnbnrkr.md) | 100            | 35.0% | 31.0% | 34.0% | 0.505
| 3 | [BQNNRBKR](BoardAnalysis/bqnnrbkr.md) | 100            | 38.0% | 28.0% | 34.0% | 0.520
| 4 | [BQNNRKRB](BoardAnalysis/bqnnrkrb.md) | 100            | 42.0% | 30.0% | 28.0% | 0.570
| 5 | [QBBNNRKR](BoardAnalysis/qbbnnrkr.md) | 100            | 41.0% | 25.0% | 34.0% | 0.535
| 6 | [QNBBNRKR](BoardAnalysis/qnbbnrkr.md) | 100            | 40.0% | 20.0% | 40.0% | 0.500
| 7 | [QNBNRBKR](BoardAnalysis/qnbnrbkr.md) | 100            | 46.0% | 29.0% | 25.0% | 0.605
| 8 | [QNBNRKRB](BoardAnalysis/qnbnrkrb.md) | 100            | 43.0% | 26.0% | 31.0% | 0.560
| 9 | [QBNNBRKR](BoardAnalysis/qbnnbrkr.md) | 100            | 40.0% | 22.0% | 38.0% | 0.510
| 10 | [QNNBBRKR](BoardAnalysis/qnnbbrkr.md) | 100            | 39.0% | 29.0% | 32.0% | 0.535
| 11 | [QNNRBBKR](BoardAnalysis/qnnrbbkr.md) | 100            | 31.0% | 39.0% | 30.0% | 0.505
| 12 | [QNNRBKRB](BoardAnalysis/qnnrbkrb.md) | 100            | 42.0% | 31.0% | 27.0% | 0.575
| 13 | [QBNNRKBR](BoardAnalysis/qbnnrkbr.md) | 100            | 46.0% | 25.0% | 29.0% | 0.585
| 14 | [QNNBRKBR](BoardAnalysis/qnnbrkbr.md) | 100            | 32.0% | 36.0% | 32.0% | 0.500
| 15 | [QNNRKBBR](BoardAnalysis/qnnrkbbr.md) | 100            | 38.0% | 37.0% | 25.0% | 0.565
| 16 | [QNNRKRBB](BoardAnalysis/qnnrkrbb.md) | 100            | 39.0% | 28.0% | 33.0% | 0.530
| 17 | [BBNQNRKR](BoardAnalysis/bbnqnrkr.md) | 100            | 35.0% | 31.0% | 34.0% | 0.505
| 18 | [BNQBNRKR](BoardAnalysis/bnqbnrkr.md) | 100            | 38.0% | 31.0% | 31.0% | 0.535
| 19 | [BNQNRBKR](BoardAnalysis/bnqnrbkr.md) | 100            | 38.0% | 29.0% | 33.0% | 0.525
| 20 | [BNQNRKRB](BoardAnalysis/bnqnrkrb.md) | 100            | 33.0% | 41.0% | 26.0% | 0.535
| 21 | [NBBQNRKR](BoardAnalysis/nbbqnrkr.md) | 100            | 36.0% | 38.0% | 26.0% | 0.550
| 22 | [NQBBNRKR](BoardAnalysis/nqbbnrkr.md) | 100            | 38.0% | 31.0% | 31.0% | 0.535
| 23 | [NQBNRBKR](BoardAnalysis/nqbnrbkr.md) | 100            | 43.0% | 31.0% | 26.0% | 0.585
| 24 | [NQBNRKRB](BoardAnalysis/nqbnrkrb.md) | 100            | 33.0% | 37.0% | 30.0% | 0.515
| 25 | [NBQNBRKR](BoardAnalysis/nbqnbrkr.md) | 100            | 36.0% | 36.0% | 28.0% | 0.540
| 26 | [NQNBBRKR](BoardAnalysis/nqnbbrkr.md) | 100            | 39.0% | 33.0% | 28.0% | 0.555
| 27 | [NQNRBBKR](BoardAnalysis/nqnrbbkr.md) | 100            | 50.0% | 27.0% | 23.0% | 0.635
| 28 | [NQNRBKRB](BoardAnalysis/nqnrbkrb.md) | 100            | 34.0% | 38.0% | 28.0% | 0.530
| 29 | [NBQNRKBR](BoardAnalysis/nbqnrkbr.md) | 100            | 36.0% | 36.0% | 28.0% | 0.540
| 30 | [NQNBRKBR](BoardAnalysis/nqnbrkbr.md) | 100            | 32.0% | 33.0% | 35.0% | 0.485
| 31 | [NQNRKBBR](BoardAnalysis/nqnrkbbr.md) | 100            | 39.0% | 30.0% | 31.0% | 0.540
| 32 | [NQNRKRBB](BoardAnalysis/nqnrkrbb.md) | 100            | 53.0% | 25.0% | 22.0% | 0.655
| 33 | [BBNNQRKR](BoardAnalysis/bbnnqrkr.md) | 100            | 37.0% | 32.0% | 31.0% | 0.530
| 34 | [BNNBQRKR](BoardAnalysis/bnnbqrkr.md) | 100            | 35.0% | 32.0% | 33.0% | 0.510
| 35 | [BNNQRBKR](BoardAnalysis/bnnqrbkr.md) | 100            | 37.0% | 33.0% | 30.0% | 0.535
| 36 | [BNNQRKRB](BoardAnalysis/bnnqrkrb.md) | 100            | 37.0% | 32.0% | 31.0% | 0.530
| 37 | [NBBNQRKR](BoardAnalysis/nbbnqrkr.md) | 100            | 34.0% | 31.0% | 35.0% | 0.495
| 38 | [NNBBQRKR](BoardAnalysis/nnbbqrkr.md) | 100            | 28.0% | 37.0% | 35.0% | 0.465
| 39 | [NNBQRBKR](BoardAnalysis/nnbqrbkr.md) | 100            | 36.0% | 38.0% | 26.0% | 0.550
| 40 | [NNBQRKRB](BoardAnalysis/nnbqrkrb.md) | 100            | 34.0% | 34.0% | 32.0% | 0.510
| 41 | [NBNQBRKR](BoardAnalysis/nbnqbrkr.md) | 100            | 40.0% | 28.0% | 32.0% | 0.540
| 42 | [NNQBBRKR](BoardAnalysis/nnqbbrkr.md) | 100            | 34.0% | 29.0% | 37.0% | 0.485
| 43 | [NNQRBBKR](BoardAnalysis/nnqrbbkr.md) | 100            | 41.0% | 32.0% | 27.0% | 0.570
| 44 | [NNQRBKRB](BoardAnalysis/nnqrbkrb.md) | 100            | 33.0% | 36.0% | 31.0% | 0.510
| 45 | [NBNQRKBR](BoardAnalysis/nbnqrkbr.md) | 100            | 44.0% | 28.0% | 28.0% | 0.580
| 46 | [NNQBRKBR](BoardAnalysis/nnqbrkbr.md) | 100            | 37.0% | 37.0% | 26.0% | 0.555
| 47 | [NNQRKBBR](BoardAnalysis/nnqrkbbr.md) | 100            | 44.0% | 30.0% | 26.0% | 0.590
| 48 | [NNQRKRBB](BoardAnalysis/nnqrkrbb.md) | 100            | 38.0% | 38.0% | 24.0% | 0.570
| 49 | [BBNNRQKR](BoardAnalysis/bbnnrqkr.md) | 100            | 39.0% | 27.0% | 34.0% | 0.525
| 50 | [BNNBRQKR](BoardAnalysis/bnnbrqkr.md) | 100            | 39.0% | 34.0% | 27.0% | 0.560
| 51 | [BNNRQBKR](BoardAnalysis/bnnrqbkr.md) | 100            | 41.0% | 24.0% | 35.0% | 0.530
| 52 | [BNNRQKRB](BoardAnalysis/bnnrqkrb.md) | 100            | 29.0% | 50.0% | 21.0% | 0.540
| 53 | [NBBNRQKR](BoardAnalysis/nbbnrqkr.md) | 100            | 38.0% | 31.0% | 31.0% | 0.535
| 54 | [NNBBRQKR](BoardAnalysis/nnbbrqkr.md) | 100            | 41.0% | 39.0% | 20.0% | 0.605
| 55 | [NNBRQBKR](BoardAnalysis/nnbrqbkr.md) | 100            | 48.0% | 28.0% | 24.0% | 0.620
| 56 | [NNBRQKRB](BoardAnalysis/nnbrqkrb.md) | 100            | 42.0% | 29.0% | 29.0% | 0.565
| 57 | [NBNRBQKR](BoardAnalysis/nbnrbqkr.md) | 100            | 37.0% | 35.0% | 28.0% | 0.545
| 58 | [NNRBBQKR](BoardAnalysis/nnrbbqkr.md) | 100            | 34.0% | 32.0% | 34.0% | 0.500
| 59 | [NNRQBBKR](BoardAnalysis/nnrqbbkr.md) | 100            | 46.0% | 25.0% | 29.0% | 0.585
| 60 | [NNRQBKRB](BoardAnalysis/nnrqbkrb.md) | 100            | 41.0% | 34.0% | 25.0% | 0.580
| 61 | [NBNRQKBR](BoardAnalysis/nbnrqkbr.md) | 100            | 35.0% | 40.0% | 25.0% | 0.550
| 62 | [NNRBQKBR](BoardAnalysis/nnrbqkbr.md) | 100            | 49.0% | 30.0% | 21.0% | 0.640
| 63 | [NNRQKBBR](BoardAnalysis/nnrqkbbr.md) | 100            | 48.0% | 29.0% | 23.0% | 0.625
| 64 | [NNRQKRBB](BoardAnalysis/nnrqkrbb.md) | 100            | 41.0% | 32.0% | 27.0% | 0.570
| 65 | [BBNNRKQR](BoardAnalysis/bbnnrkqr.md) | 100            | 38.0% | 26.0% | 36.0% | 0.510
| 66 | [BNNBRKQR](BoardAnalysis/bnnbrkqr.md) | 100            | 36.0% | 36.0% | 28.0% | 0.540
| 67 | [BNNRKBQR](BoardAnalysis/bnnrkbqr.md) | 100            | 33.0% | 34.0% | 33.0% | 0.500
| 68 | [BNNRKQRB](BoardAnalysis/bnnrkqrb.md) | 100            | 39.0% | 30.0% | 31.0% | 0.540
| 69 | [NBBNRKQR](BoardAnalysis/nbbnrkqr.md) | 100            | 32.0% | 35.0% | 33.0% | 0.495
| 70 | [NNBBRKQR](BoardAnalysis/nnbbrkqr.md) | 100            | 34.0% | 40.0% | 26.0% | 0.540
| 71 | [NNBRKBQR](BoardAnalysis/nnbrkbqr.md) | 100            | 42.0% | 24.0% | 34.0% | 0.540
| 72 | [NNBRKQRB](BoardAnalysis/nnbrkqrb.md) | 100            | 43.0% | 34.0% | 23.0% | 0.600
| 73 | [NBNRBKQR](BoardAnalysis/nbnrbkqr.md) | 100            | 41.0% | 25.0% | 34.0% | 0.535
| 74 | [NNRBBKQR](BoardAnalysis/nnrbbkqr.md) | 100            | 38.0% | 33.0% | 29.0% | 0.545
| 75 | [NNRKBBQR](BoardAnalysis/nnrkbbqr.md) | 100            | 36.0% | 29.0% | 35.0% | 0.505
| 76 | [NNRKBQRB](BoardAnalysis/nnrkbqrb.md) | 100            | 41.0% | 31.0% | 28.0% | 0.565
| 77 | [NBNRKQBR](BoardAnalysis/nbnrkqbr.md) | 100            | 41.0% | 26.0% | 33.0% | 0.540
| 78 | [NNRBKQBR](BoardAnalysis/nnrbkqbr.md) | 100            | 42.0% | 29.0% | 29.0% | 0.565
| 79 | [NNRKQBBR](BoardAnalysis/nnrkqbbr.md) | 100            | 36.0% | 31.0% | 33.0% | 0.515
| 80 | [NNRKQRBB](BoardAnalysis/nnrkqrbb.md) | 100            | 42.0% | 25.0% | 33.0% | 0.545
| 81 | [BBNNRKRQ](BoardAnalysis/bbnnrkrq.md) | 100            | 45.0% | 30.0% | 25.0% | 0.600
| 82 | [BNNBRKRQ](BoardAnalysis/bnnbrkrq.md) | 100            | 42.0% | 23.0% | 35.0% | 0.535
| 83 | [BNNRKBRQ](BoardAnalysis/bnnrkbrq.md) | 100            | 40.0% | 29.0% | 31.0% | 0.545
| 84 | [BNNRKRQB](BoardAnalysis/bnnrkrqb.md) | 100            | 41.0% | 22.0% | 37.0% | 0.520
| 85 | [NBBNRKRQ](BoardAnalysis/nbbnrkrq.md) | 100            | 41.0% | 25.0% | 34.0% | 0.535
| 86 | [NNBBRKRQ](BoardAnalysis/nnbbrkrq.md) | 100            | 40.0% | 25.0% | 35.0% | 0.525
| 87 | [NNBRKBRQ](BoardAnalysis/nnbrkbrq.md) | 100            | 43.0% | 31.0% | 26.0% | 0.585
| 88 | [NNBRKRQB](BoardAnalysis/nnbrkrqb.md) | 100            | 43.0% | 28.0% | 29.0% | 0.570
| 89 | [NBNRBKRQ](BoardAnalysis/nbnrbkrq.md) | 100            | 43.0% | 27.0% | 30.0% | 0.565
| 90 | [NNRBBKRQ](BoardAnalysis/nnrbbkrq.md) | 100            | 49.0% | 21.0% | 30.0% | 0.595
| 91 | [NNRKBBRQ](BoardAnalysis/nnrkbbrq.md) | 100            | 33.0% | 36.0% | 31.0% | 0.510
| 92 | [NNRKBRQB](BoardAnalysis/nnrkbrqb.md) | 100            | 45.0% | 27.0% | 28.0% | 0.585
| 93 | [NBNRKRBQ](BoardAnalysis/nbnrkrbq.md) | 100            | 39.0% | 30.0% | 31.0% | 0.540
| 94 | [NNRBKRBQ](BoardAnalysis/nnrbkrbq.md) | 100            | 58.0% | 20.0% | 22.0% | 0.680
| 95 | [NNRKRBBQ](BoardAnalysis/nnrkrbbq.md) | 100            | 42.0% | 29.0% | 29.0% | 0.565
| 96 | [NNRKRQBB](BoardAnalysis/nnrkrqbb.md) | 100            | 36.0% | 29.0% | 35.0% | 0.505
| 97 | [BBQNRNKR](BoardAnalysis/bbqnrnkr.md) | 100            | 41.0% | 31.0% | 28.0% | 0.565
| 98 | [BQNBRNKR](BoardAnalysis/bqnbrnkr.md) | 100            | 40.0% | 28.0% | 32.0% | 0.540
| 99 | [BQNRNBKR](BoardAnalysis/bqnrnbkr.md) | 100            | 39.0% | 38.0% | 23.0% | 0.580
| 100 | [BQNRNKRB](BoardAnalysis/bqnrnkrb.md) | 100            | 38.0% | 36.0% | 26.0% | 0.560
| 101 | [QBBNRNKR](BoardAnalysis/qbbnrnkr.md) | 100            | 43.0% | 27.0% | 30.0% | 0.565
| 102 | [QNBBRNKR](BoardAnalysis/qnbbrnkr.md) | 100            | 47.0% | 26.0% | 27.0% | 0.600
| 103 | [QNBRNBKR](BoardAnalysis/qnbrnbkr.md) | 100            | 40.0% | 32.0% | 28.0% | 0.560
| 104 | [QNBRNKRB](BoardAnalysis/qnbrnkrb.md) | 100            | 41.0% | 32.0% | 27.0% | 0.570
| 105 | [QBNRBNKR](BoardAnalysis/qbnrbnkr.md) | 100            | 45.0% | 26.0% | 29.0% | 0.580
| 106 | [QNRBBNKR](BoardAnalysis/qnrbbnkr.md) | 100            | 42.0% | 29.0% | 29.0% | 0.565
| 107 | [QNRNBBKR](BoardAnalysis/qnrnbbkr.md) | 100            | 40.0% | 36.0% | 24.0% | 0.580
| 108 | [QNRNBKRB](BoardAnalysis/qnrnbkrb.md) | 100            | 41.0% | 32.0% | 27.0% | 0.570
| 109 | [QBNRNKBR](BoardAnalysis/qbnrnkbr.md) | 100            | 34.0% | 42.0% | 24.0% | 0.550
| 110 | [QNRBNKBR](BoardAnalysis/qnrbnkbr.md) | 100            | 31.0% | 31.0% | 38.0% | 0.465
| 111 | [QNRNKBBR](BoardAnalysis/qnrnkbbr.md) | 100            | 39.0% | 28.0% | 33.0% | 0.530
| 112 | [QNRNKRBB](BoardAnalysis/qnrnkrbb.md) | 100            | 46.0% | 23.0% | 31.0% | 0.575
| 113 | [BBNQRNKR](BoardAnalysis/bbnqrnkr.md) | 100            | 51.0% | 17.0% | 32.0% | 0.595
| 114 | [BNQBRNKR](BoardAnalysis/bnqbrnkr.md) | 100            | 34.0% | 34.0% | 32.0% | 0.510
| 115 | [BNQRNBKR](BoardAnalysis/bnqrnbkr.md) | 100            | 35.0% | 30.0% | 35.0% | 0.500
| 116 | [BNQRNKRB](BoardAnalysis/bnqrnkrb.md) | 100            | 30.0% | 42.0% | 28.0% | 0.510
| 117 | [NBBQRNKR](BoardAnalysis/nbbqrnkr.md) | 100            | 36.0% | 28.0% | 36.0% | 0.500
| 118 | [NQBBRNKR](BoardAnalysis/nqbbrnkr.md) | 100            | 42.0% | 24.0% | 34.0% | 0.540
| 119 | [NQBRNBKR](BoardAnalysis/nqbrnbkr.md) | 100            | 34.0% | 41.0% | 25.0% | 0.545
| 120 | [NQBRNKRB](BoardAnalysis/nqbrnkrb.md) | 100            | 40.0% | 31.0% | 29.0% | 0.555
| 121 | [NBQRBNKR](BoardAnalysis/nbqrbnkr.md) | 100            | 58.0% | 22.0% | 20.0% | 0.690
| 122 | [NQRBBNKR](BoardAnalysis/nqrbbnkr.md) | 100            | 41.0% | 27.0% | 32.0% | 0.545
| 123 | [NQRNBBKR](BoardAnalysis/nqrnbbkr.md) | 100            | 33.0% | 34.0% | 33.0% | 0.500
| 124 | [NQRNBKRB](BoardAnalysis/nqrnbkrb.md) | 100            | 42.0% | 24.0% | 34.0% | 0.540
| 125 | [NBQRNKBR](BoardAnalysis/nbqrnkbr.md) | 100            | 44.0% | 27.0% | 29.0% | 0.575
| 126 | [NQRBNKBR](BoardAnalysis/nqrbnkbr.md) | 100            | 41.0% | 33.0% | 26.0% | 0.575
| 127 | [NQRNKBBR](BoardAnalysis/nqrnkbbr.md) | 100            | 35.0% | 31.0% | 34.0% | 0.505
| 128 | [NQRNKRBB](BoardAnalysis/nqrnkrbb.md) | 100            | 42.0% | 26.0% | 32.0% | 0.550

----
# Sorted by Advantage for White

| SPI | Board                            | # Played Matches        | White           | Draw           | Black           | Average points for White |
|:-----:|----------------------------------|:-----------------------:|:---------------:|:--------------:|:---------------:|:------------------------:|
| 121 | [NBQRBNKR](BoardAnalysis/nbqrbnkr.md) | 100            | 58.0% | 22.0% | 20.0% | 0.690
| 94 | [NNRBKRBQ](BoardAnalysis/nnrbkrbq.md) | 100            | 58.0% | 20.0% | 22.0% | 0.680
| 32 | [NQNRKRBB](BoardAnalysis/nqnrkrbb.md) | 100            | 53.0% | 25.0% | 22.0% | 0.655
| 62 | [NNRBQKBR](BoardAnalysis/nnrbqkbr.md) | 100            | 49.0% | 30.0% | 21.0% | 0.640
| 27 | [NQNRBBKR](BoardAnalysis/nqnrbbkr.md) | 100            | 50.0% | 27.0% | 23.0% | 0.635
| 55 | [NNBRQBKR](BoardAnalysis/nnbrqbkr.md) | 100            | 48.0% | 28.0% | 24.0% | 0.620
| 63 | [NNRQKBBR](BoardAnalysis/nnrqkbbr.md) | 100            | 48.0% | 29.0% | 23.0% | 0.625
| 7 | [QNBNRBKR](BoardAnalysis/qnbnrbkr.md) | 100            | 46.0% | 29.0% | 25.0% | 0.605
| 54 | [NNBBRQKR](BoardAnalysis/nnbbrqkr.md) | 100            | 41.0% | 39.0% | 20.0% | 0.605
| 72 | [NNBRKQRB](BoardAnalysis/nnbrkqrb.md) | 100            | 43.0% | 34.0% | 23.0% | 0.600
| 81 | [BBNNRKRQ](BoardAnalysis/bbnnrkrq.md) | 100            | 45.0% | 30.0% | 25.0% | 0.600
| 102 | [QNBBRNKR](BoardAnalysis/qnbbrnkr.md) | 100            | 47.0% | 26.0% | 27.0% | 0.600
| 47 | [NNQRKBBR](BoardAnalysis/nnqrkbbr.md) | 100            | 44.0% | 30.0% | 26.0% | 0.590
| 90 | [NNRBBKRQ](BoardAnalysis/nnrbbkrq.md) | 100            | 49.0% | 21.0% | 30.0% | 0.595
| 113 | [BBNQRNKR](BoardAnalysis/bbnqrnkr.md) | 100            | 51.0% | 17.0% | 32.0% | 0.595
| 13 | [QBNNRKBR](BoardAnalysis/qbnnrkbr.md) | 100            | 46.0% | 25.0% | 29.0% | 0.585
| 23 | [NQBNRBKR](BoardAnalysis/nqbnrbkr.md) | 100            | 43.0% | 31.0% | 26.0% | 0.585
| 45 | [NBNQRKBR](BoardAnalysis/nbnqrkbr.md) | 100            | 44.0% | 28.0% | 28.0% | 0.580
| 59 | [NNRQBBKR](BoardAnalysis/nnrqbbkr.md) | 100            | 46.0% | 25.0% | 29.0% | 0.585
| 60 | [NNRQBKRB](BoardAnalysis/nnrqbkrb.md) | 100            | 41.0% | 34.0% | 25.0% | 0.580
| 87 | [NNBRKBRQ](BoardAnalysis/nnbrkbrq.md) | 100            | 43.0% | 31.0% | 26.0% | 0.585
| 92 | [NNRKBRQB](BoardAnalysis/nnrkbrqb.md) | 100            | 45.0% | 27.0% | 28.0% | 0.585
| 99 | [BQNRNBKR](BoardAnalysis/bqnrnbkr.md) | 100            | 39.0% | 38.0% | 23.0% | 0.580
| 105 | [QBNRBNKR](BoardAnalysis/qbnrbnkr.md) | 100            | 45.0% | 26.0% | 29.0% | 0.580
| 107 | [QNRNBBKR](BoardAnalysis/qnrnbbkr.md) | 100            | 40.0% | 36.0% | 24.0% | 0.580
| 4 | [BQNNRKRB](BoardAnalysis/bqnnrkrb.md) | 100            | 42.0% | 30.0% | 28.0% | 0.570
| 12 | [QNNRBKRB](BoardAnalysis/qnnrbkrb.md) | 100            | 42.0% | 31.0% | 27.0% | 0.575
| 43 | [NNQRBBKR](BoardAnalysis/nnqrbbkr.md) | 100            | 41.0% | 32.0% | 27.0% | 0.570
| 48 | [NNQRKRBB](BoardAnalysis/nnqrkrbb.md) | 100            | 38.0% | 38.0% | 24.0% | 0.570
| 64 | [NNRQKRBB](BoardAnalysis/nnrqkrbb.md) | 100            | 41.0% | 32.0% | 27.0% | 0.570
| 88 | [NNBRKRQB](BoardAnalysis/nnbrkrqb.md) | 100            | 43.0% | 28.0% | 29.0% | 0.570
| 104 | [QNBRNKRB](BoardAnalysis/qnbrnkrb.md) | 100            | 41.0% | 32.0% | 27.0% | 0.570
| 108 | [QNRNBKRB](BoardAnalysis/qnrnbkrb.md) | 100            | 41.0% | 32.0% | 27.0% | 0.570
| 112 | [QNRNKRBB](BoardAnalysis/qnrnkrbb.md) | 100            | 46.0% | 23.0% | 31.0% | 0.575
| 125 | [NBQRNKBR](BoardAnalysis/nbqrnkbr.md) | 100            | 44.0% | 27.0% | 29.0% | 0.575
| 126 | [NQRBNKBR](BoardAnalysis/nqrbnkbr.md) | 100            | 41.0% | 33.0% | 26.0% | 0.575
| 8 | [QNBNRKRB](BoardAnalysis/qnbnrkrb.md) | 100            | 43.0% | 26.0% | 31.0% | 0.560
| 15 | [QNNRKBBR](BoardAnalysis/qnnrkbbr.md) | 100            | 38.0% | 37.0% | 25.0% | 0.565
| 50 | [BNNBRQKR](BoardAnalysis/bnnbrqkr.md) | 100            | 39.0% | 34.0% | 27.0% | 0.560
| 56 | [NNBRQKRB](BoardAnalysis/nnbrqkrb.md) | 100            | 42.0% | 29.0% | 29.0% | 0.565
| 76 | [NNRKBQRB](BoardAnalysis/nnrkbqrb.md) | 100            | 41.0% | 31.0% | 28.0% | 0.565
| 78 | [NNRBKQBR](BoardAnalysis/nnrbkqbr.md) | 100            | 42.0% | 29.0% | 29.0% | 0.565
| 89 | [NBNRBKRQ](BoardAnalysis/nbnrbkrq.md) | 100            | 43.0% | 27.0% | 30.0% | 0.565
| 95 | [NNRKRBBQ](BoardAnalysis/nnrkrbbq.md) | 100            | 42.0% | 29.0% | 29.0% | 0.565
| 97 | [BBQNRNKR](BoardAnalysis/bbqnrnkr.md) | 100            | 41.0% | 31.0% | 28.0% | 0.565
| 100 | [BQNRNKRB](BoardAnalysis/bqnrnkrb.md) | 100            | 38.0% | 36.0% | 26.0% | 0.560
| 101 | [QBBNRNKR](BoardAnalysis/qbbnrnkr.md) | 100            | 43.0% | 27.0% | 30.0% | 0.565
| 103 | [QNBRNBKR](BoardAnalysis/qnbrnbkr.md) | 100            | 40.0% | 32.0% | 28.0% | 0.560
| 106 | [QNRBBNKR](BoardAnalysis/qnrbbnkr.md) | 100            | 42.0% | 29.0% | 29.0% | 0.565
| 21 | [NBBQNRKR](BoardAnalysis/nbbqnrkr.md) | 100            | 36.0% | 38.0% | 26.0% | 0.550
| 26 | [NQNBBRKR](BoardAnalysis/nqnbbrkr.md) | 100            | 39.0% | 33.0% | 28.0% | 0.555
| 39 | [NNBQRBKR](BoardAnalysis/nnbqrbkr.md) | 100            | 36.0% | 38.0% | 26.0% | 0.550
| 46 | [NNQBRKBR](BoardAnalysis/nnqbrkbr.md) | 100            | 37.0% | 37.0% | 26.0% | 0.555
| 61 | [NBNRQKBR](BoardAnalysis/nbnrqkbr.md) | 100            | 35.0% | 40.0% | 25.0% | 0.550
| 109 | [QBNRNKBR](BoardAnalysis/qbnrnkbr.md) | 100            | 34.0% | 42.0% | 24.0% | 0.550
| 120 | [NQBRNKRB](BoardAnalysis/nqbrnkrb.md) | 100            | 40.0% | 31.0% | 29.0% | 0.555
| 128 | [NQRNKRBB](BoardAnalysis/nqrnkrbb.md) | 100            | 42.0% | 26.0% | 32.0% | 0.550
| 25 | [NBQNBRKR](BoardAnalysis/nbqnbrkr.md) | 100            | 36.0% | 36.0% | 28.0% | 0.540
| 29 | [NBQNRKBR](BoardAnalysis/nbqnrkbr.md) | 100            | 36.0% | 36.0% | 28.0% | 0.540
| 31 | [NQNRKBBR](BoardAnalysis/nqnrkbbr.md) | 100            | 39.0% | 30.0% | 31.0% | 0.540
| 41 | [NBNQBRKR](BoardAnalysis/nbnqbrkr.md) | 100            | 40.0% | 28.0% | 32.0% | 0.540
| 52 | [BNNRQKRB](BoardAnalysis/bnnrqkrb.md) | 100            | 29.0% | 50.0% | 21.0% | 0.540
| 57 | [NBNRBQKR](BoardAnalysis/nbnrbqkr.md) | 100            | 37.0% | 35.0% | 28.0% | 0.545
| 66 | [BNNBRKQR](BoardAnalysis/bnnbrkqr.md) | 100            | 36.0% | 36.0% | 28.0% | 0.540
| 68 | [BNNRKQRB](BoardAnalysis/bnnrkqrb.md) | 100            | 39.0% | 30.0% | 31.0% | 0.540
| 70 | [NNBBRKQR](BoardAnalysis/nnbbrkqr.md) | 100            | 34.0% | 40.0% | 26.0% | 0.540
| 71 | [NNBRKBQR](BoardAnalysis/nnbrkbqr.md) | 100            | 42.0% | 24.0% | 34.0% | 0.540
| 74 | [NNRBBKQR](BoardAnalysis/nnrbbkqr.md) | 100            | 38.0% | 33.0% | 29.0% | 0.545
| 77 | [NBNRKQBR](BoardAnalysis/nbnrkqbr.md) | 100            | 41.0% | 26.0% | 33.0% | 0.540
| 80 | [NNRKQRBB](BoardAnalysis/nnrkqrbb.md) | 100            | 42.0% | 25.0% | 33.0% | 0.545
| 83 | [BNNRKBRQ](BoardAnalysis/bnnrkbrq.md) | 100            | 40.0% | 29.0% | 31.0% | 0.545
| 93 | [NBNRKRBQ](BoardAnalysis/nbnrkrbq.md) | 100            | 39.0% | 30.0% | 31.0% | 0.540
| 98 | [BQNBRNKR](BoardAnalysis/bqnbrnkr.md) | 100            | 40.0% | 28.0% | 32.0% | 0.540
| 118 | [NQBBRNKR](BoardAnalysis/nqbbrnkr.md) | 100            | 42.0% | 24.0% | 34.0% | 0.540
| 119 | [NQBRNBKR](BoardAnalysis/nqbrnbkr.md) | 100            | 34.0% | 41.0% | 25.0% | 0.545
| 122 | [NQRBBNKR](BoardAnalysis/nqrbbnkr.md) | 100            | 41.0% | 27.0% | 32.0% | 0.545
| 124 | [NQRNBKRB](BoardAnalysis/nqrnbkrb.md) | 100            | 42.0% | 24.0% | 34.0% | 0.540
| 5 | [QBBNNRKR](BoardAnalysis/qbbnnrkr.md) | 100            | 41.0% | 25.0% | 34.0% | 0.535
| 10 | [QNNBBRKR](BoardAnalysis/qnnbbrkr.md) | 100            | 39.0% | 29.0% | 32.0% | 0.535
| 16 | [QNNRKRBB](BoardAnalysis/qnnrkrbb.md) | 100            | 39.0% | 28.0% | 33.0% | 0.530
| 18 | [BNQBNRKR](BoardAnalysis/bnqbnrkr.md) | 100            | 38.0% | 31.0% | 31.0% | 0.535
| 20 | [BNQNRKRB](BoardAnalysis/bnqnrkrb.md) | 100            | 33.0% | 41.0% | 26.0% | 0.535
| 22 | [NQBBNRKR](BoardAnalysis/nqbbnrkr.md) | 100            | 38.0% | 31.0% | 31.0% | 0.535
| 28 | [NQNRBKRB](BoardAnalysis/nqnrbkrb.md) | 100            | 34.0% | 38.0% | 28.0% | 0.530
| 33 | [BBNNQRKR](BoardAnalysis/bbnnqrkr.md) | 100            | 37.0% | 32.0% | 31.0% | 0.530
| 35 | [BNNQRBKR](BoardAnalysis/bnnqrbkr.md) | 100            | 37.0% | 33.0% | 30.0% | 0.535
| 36 | [BNNQRKRB](BoardAnalysis/bnnqrkrb.md) | 100            | 37.0% | 32.0% | 31.0% | 0.530
| 51 | [BNNRQBKR](BoardAnalysis/bnnrqbkr.md) | 100            | 41.0% | 24.0% | 35.0% | 0.530
| 53 | [NBBNRQKR](BoardAnalysis/nbbnrqkr.md) | 100            | 38.0% | 31.0% | 31.0% | 0.535
| 73 | [NBNRBKQR](BoardAnalysis/nbnrbkqr.md) | 100            | 41.0% | 25.0% | 34.0% | 0.535
| 82 | [BNNBRKRQ](BoardAnalysis/bnnbrkrq.md) | 100            | 42.0% | 23.0% | 35.0% | 0.535
| 85 | [NBBNRKRQ](BoardAnalysis/nbbnrkrq.md) | 100            | 41.0% | 25.0% | 34.0% | 0.535
| 111 | [QNRNKBBR](BoardAnalysis/qnrnkbbr.md) | 100            | 39.0% | 28.0% | 33.0% | 0.530
| 3 | [BQNNRBKR](BoardAnalysis/bqnnrbkr.md) | 100            | 38.0% | 28.0% | 34.0% | 0.520
| 19 | [BNQNRBKR](BoardAnalysis/bnqnrbkr.md) | 100            | 38.0% | 29.0% | 33.0% | 0.525
| 49 | [BBNNRQKR](BoardAnalysis/bbnnrqkr.md) | 100            | 39.0% | 27.0% | 34.0% | 0.525
| 84 | [BNNRKRQB](BoardAnalysis/bnnrkrqb.md) | 100            | 41.0% | 22.0% | 37.0% | 0.520
| 86 | [NNBBRKRQ](BoardAnalysis/nnbbrkrq.md) | 100            | 40.0% | 25.0% | 35.0% | 0.525
| 9 | [QBNNBRKR](BoardAnalysis/qbnnbrkr.md) | 100            | 40.0% | 22.0% | 38.0% | 0.510
| 24 | [NQBNRKRB](BoardAnalysis/nqbnrkrb.md) | 100            | 33.0% | 37.0% | 30.0% | 0.515
| 34 | [BNNBQRKR](BoardAnalysis/bnnbqrkr.md) | 100            | 35.0% | 32.0% | 33.0% | 0.510
| 40 | [NNBQRKRB](BoardAnalysis/nnbqrkrb.md) | 100            | 34.0% | 34.0% | 32.0% | 0.510
| 44 | [NNQRBKRB](BoardAnalysis/nnqrbkrb.md) | 100            | 33.0% | 36.0% | 31.0% | 0.510
| 65 | [BBNNRKQR](BoardAnalysis/bbnnrkqr.md) | 100            | 38.0% | 26.0% | 36.0% | 0.510
| 79 | [NNRKQBBR](BoardAnalysis/nnrkqbbr.md) | 100            | 36.0% | 31.0% | 33.0% | 0.515
| 91 | [NNRKBBRQ](BoardAnalysis/nnrkbbrq.md) | 100            | 33.0% | 36.0% | 31.0% | 0.510
| 114 | [BNQBRNKR](BoardAnalysis/bnqbrnkr.md) | 100            | 34.0% | 34.0% | 32.0% | 0.510
| 116 | [BNQRNKRB](BoardAnalysis/bnqrnkrb.md) | 100            | 30.0% | 42.0% | 28.0% | 0.510
| 2 | [BQNBNRKR](BoardAnalysis/bqnbnrkr.md) | 100            | 35.0% | 31.0% | 34.0% | 0.505
| 6 | [QNBBNRKR](BoardAnalysis/qnbbnrkr.md) | 100            | 40.0% | 20.0% | 40.0% | 0.500
| 11 | [QNNRBBKR](BoardAnalysis/qnnrbbkr.md) | 100            | 31.0% | 39.0% | 30.0% | 0.505
| 14 | [QNNBRKBR](BoardAnalysis/qnnbrkbr.md) | 100            | 32.0% | 36.0% | 32.0% | 0.500
| 17 | [BBNQNRKR](BoardAnalysis/bbnqnrkr.md) | 100            | 35.0% | 31.0% | 34.0% | 0.505
| 58 | [NNRBBQKR](BoardAnalysis/nnrbbqkr.md) | 100            | 34.0% | 32.0% | 34.0% | 0.500
| 67 | [BNNRKBQR](BoardAnalysis/bnnrkbqr.md) | 100            | 33.0% | 34.0% | 33.0% | 0.500
| 75 | [NNRKBBQR](BoardAnalysis/nnrkbbqr.md) | 100            | 36.0% | 29.0% | 35.0% | 0.505
| 96 | [NNRKRQBB](BoardAnalysis/nnrkrqbb.md) | 100            | 36.0% | 29.0% | 35.0% | 0.505
| 115 | [BNQRNBKR](BoardAnalysis/bnqrnbkr.md) | 100            | 35.0% | 30.0% | 35.0% | 0.500
| 117 | [NBBQRNKR](BoardAnalysis/nbbqrnkr.md) | 100            | 36.0% | 28.0% | 36.0% | 0.500
| 123 | [NQRNBBKR](BoardAnalysis/nqrnbbkr.md) | 100            | 33.0% | 34.0% | 33.0% | 0.500
| 127 | [NQRNKBBR](BoardAnalysis/nqrnkbbr.md) | 100            | 35.0% | 31.0% | 34.0% | 0.505
| 37 | [NBBNQRKR](BoardAnalysis/nbbnqrkr.md) | 100            | 34.0% | 31.0% | 35.0% | 0.495
| 69 | [NBBNRKQR](BoardAnalysis/nbbnrkqr.md) | 100            | 32.0% | 35.0% | 33.0% | 0.495
| 1 | [BBQNNRKR](BoardAnalysis/bbqnnrkr.md) | 100            | 35.0% | 26.0% | 39.0% | 0.480
| 30 | [NQNBRKBR](BoardAnalysis/nqnbrkbr.md) | 100            | 32.0% | 33.0% | 35.0% | 0.485
| 42 | [NNQBBRKR](BoardAnalysis/nnqbbrkr.md) | 100            | 34.0% | 29.0% | 37.0% | 0.485
| 38 | [NNBBQRKR](BoardAnalysis/nnbbqrkr.md) | 100            | 28.0% | 37.0% | 35.0% | 0.465
| 110 | [QNRBNKBR](BoardAnalysis/qnrbnkbr.md) | 100            | 31.0% | 31.0% | 38.0% | 0.465
