# Opening Analysis for Chess960: Results

* We provide the same list twice, first sorted by [board name](#sorted-by-board-name), and then sorted by [advantage for white](#sorted-by-advantage-for-white).
* The Starting Position Index (SPI) follows the [Chess960 numbering scheme](https://en.wikipedia.org/wiki/Fischer_random_chess_numbering_scheme).

## Sorted by board name

| SPI | Board                            | # Played Matches        | White           | Draw           | Black           | Average points for White |
|:-----:|----------------------------------|:-----------------------:|:---------------:|:--------------:|:---------------:|:------------------------:|
| 0 | [BBQNNRKR](BoardAnalysis/bbqnnrkr.md) | 19618            | 23.5% | 56.9% | 19.6% | 0.520
| 1 | [BQNBNRKR](BoardAnalysis/bqnbnrkr.md) | 19716            | 25.9% | 52.0% | 22.1% | 0.519
| 2 | [BQNNRBKR](BoardAnalysis/bqnnrbkr.md) | 19716            | 27.6% | 53.1% | 19.3% | 0.541
| 3 | [BQNNRKRB](BoardAnalysis/bqnnrkrb.md) | 19716            | 26.0% | 56.1% | 17.9% | 0.540
| 4 | [QBBNNRKR](BoardAnalysis/qbbnnrkr.md) | 19706            | 32.1% | 49.0% | 18.8% | 0.567
| 5 | [QNBBNRKR](BoardAnalysis/qnbbnrkr.md) | 19700            | 27.5% | 52.3% | 20.3% | 0.536
| 6 | [QNBNRBKR](BoardAnalysis/qnbnrbkr.md) | 19700            | 30.0% | 52.2% | 17.8% | 0.561
| 7 | [QNBNRKRB](BoardAnalysis/qnbnrkrb.md) | 19700            | 28.0% | 53.1% | 18.9% | 0.545
| 8 | [QBNNBRKR](BoardAnalysis/qbnnbrkr.md) | 19700            | 33.4% | 48.4% | 18.2% | 0.576
| 9 | [QNNBBRKR](BoardAnalysis/qnnbbrkr.md) | 19700            | 27.0% | 53.5% | 19.5% | 0.538
| 10 | [QNNRBBKR](BoardAnalysis/qnnrbbkr.md) | 19700            | 27.2% | 55.3% | 17.5% | 0.549
| 11 | [QNNRBKRB](BoardAnalysis/qnnrbkrb.md) | 19700            | 29.2% | 53.8% | 16.9% | 0.561
| 12 | [QBNNRKBR](BoardAnalysis/qbnnrkbr.md) | 19700            | 29.1% | 53.8% | 17.1% | 0.560
| 13 | [QNNBRKBR](BoardAnalysis/qnnbrkbr.md) | 19700            | 22.9% | 59.4% | 17.6% | 0.526
| 14 | [QNNRKBBR](BoardAnalysis/qnnrkbbr.md) | 19691            | 22.9% | 60.6% | 16.5% | 0.532
| 15 | [QNNRKRBB](BoardAnalysis/qnnrkrbb.md) | 19690            | 32.8% | 49.8% | 17.4% | 0.577
| 16 | [BBNQNRKR](BoardAnalysis/bbnqnrkr.md) | 19690            | 30.0% | 50.3% | 19.8% | 0.551
| 17 | [BNQBNRKR](BoardAnalysis/bnqbnrkr.md) | 19690            | 24.4% | 53.2% | 22.4% | 0.510
| 18 | [BNQNRBKR](BoardAnalysis/bnqnrbkr.md) | 19690            | 30.5% | 51.9% | 17.6% | 0.565
| 19 | [BNQNRKRB](BoardAnalysis/bnqnrkrb.md) | 19690            | 24.4% | 57.1% | 18.5% | 0.529
| 20 | [NBBQNRKR](BoardAnalysis/nbbqnrkr.md) | 19690            | 22.6% | 58.0% | 19.4% | 0.516
| 21 | [NQBBNRKR](BoardAnalysis/nqbbnrkr.md) | 19710            | 27.8% | 53.2% | 18.9% | 0.545
| 22 | [NQBNRBKR](BoardAnalysis/nqbnrbkr.md) | 19710            | 27.6% | 53.2% | 19.2% | 0.542
| 23 | [NQBNRKRB](BoardAnalysis/nqbnrkrb.md) | 19709            | 24.3% | 58.1% | 17.6% | 0.534
| 24 | [NBQNBRKR](BoardAnalysis/nbqnbrkr.md) | 19704            | 35.4% | 46.2% | 18.3% | 0.585
| 25 | [NQNBBRKR](BoardAnalysis/nqnbbrkr.md) | 19700            | 26.2% | 53.2% | 20.6% | 0.528
| 26 | [NQNRBBKR](BoardAnalysis/nqnrbbkr.md) | 19700            | 28.3% | 54.2% | 17.5% | 0.554
| 27 | [NQNRBKRB](BoardAnalysis/nqnrbkrb.md) | 19700            | 25.9% | 56.4% | 17.7% | 0.541
| 28 | [NBQNRKBR](BoardAnalysis/nbqnrkbr.md) | 19700            | 25.7% | 56.0% | 18.3% | 0.537
| 29 | [NQNBRKBR](BoardAnalysis/nqnbrkbr.md) | 19700            | 20.9% | 59.5% | 19.6% | 0.506
| 30 | [NQNRKBBR](BoardAnalysis/nqnrkbbr.md) | 19700            | 22.9% | 59.6% | 17.5% | 0.527
| 31 | [NQNRKRBB](BoardAnalysis/nqnrkrbb.md) | 19700            | 26.5% | 55.9% | 17.6% | 0.545
| 32 | [BBNNQRKR](BoardAnalysis/bbnnqrkr.md) | 19700            | 37.3% | 45.0% | 17.7% | 0.598
| 33 | [BNNBQRKR](BoardAnalysis/bnnbqrkr.md) | 19697            | 30.1% | 50.1% | 19.8% | 0.552
| 34 | [BNNQRBKR](BoardAnalysis/bnnqrbkr.md) | 19690            | 23.3% | 56.7% | 20.0% | 0.516
| 35 | [BNNQRKRB](BoardAnalysis/bnnqrkrb.md) | 19690            | 23.2% | 58.4% | 18.4% | 0.524
| 36 | [NBBNQRKR](BoardAnalysis/nbbnqrkr.md) | 19690            | 25.9% | 55.0% | 19.1% | 0.534
| 37 | [NNBBQRKR](BoardAnalysis/nnbbqrkr.md) | 19690            | 24.6% | 55.8% | 19.6% | 0.525
| 38 | [NNBQRBKR](BoardAnalysis/nnbqrbkr.md) | 19690            | 21.7% | 60.8% | 17.5% | 0.521
| 39 | [NNBQRKRB](BoardAnalysis/nnbqrkrb.md) | 19690            | 21.6% | 60.7% | 17.7% | 0.520
| 40 | [NBNQBRKR](BoardAnalysis/nbnqbrkr.md) | 19690            | 29.6% | 50.9% | 19.5% | 0.550
| 41 | [NNQBBRKR](BoardAnalysis/nnqbbrkr.md) | 19710            | 24.2% | 56.5% | 19.3% | 0.524
| 42 | [NNQRBBKR](BoardAnalysis/nnqrbbkr.md) | 19710            | 25.2% | 57.1% | 17.8% | 0.537
| 43 | [NNQRBKRB](BoardAnalysis/nnqrbkrb.md) | 19710            | 22.9% | 58.0% | 19.2% | 0.518
| 44 | [NBNQRKBR](BoardAnalysis/nbnqrkbr.md) | 19703            | 24.8% | 56.6% | 18.6% | 0.531
| 45 | [NNQBRKBR](BoardAnalysis/nnqbrkbr.md) | 19700            | 26.9% | 56.8% | 16.4% | 0.552
| 46 | [NNQRKBBR](BoardAnalysis/nnqrkbbr.md) | 19700            | 30.2% | 52.9% | 16.9% | 0.566
| 47 | [NNQRKRBB](BoardAnalysis/nnqrkrbb.md) | 19700            | 24.0% | 58.5% | 17.5% | 0.533
| 48 | [BBNNRQKR](BoardAnalysis/bbnnrqkr.md) | 19700            | 30.1% | 49.1% | 20.9% | 0.546
| 49 | [BNNBRQKR](BoardAnalysis/bnnbrqkr.md) | 19700            | 27.3% | 54.0% | 18.7% | 0.543
| 50 | [BNNRQBKR](BoardAnalysis/bnnrqbkr.md) | 19700            | 33.8% | 49.3% | 16.8% | 0.585
| 51 | [BNNRQKRB](BoardAnalysis/bnnrqkrb.md) | 19700            | 22.6% | 59.4% | 18.0% | 0.523
| 52 | [NBBNRQKR](BoardAnalysis/nbbnrqkr.md) | 19700            | 25.0% | 57.2% | 17.9% | 0.536
| 53 | [NNBBRQKR](BoardAnalysis/nnbbrqkr.md) | 19700            | 24.7% | 57.7% | 17.6% | 0.536
| 54 | [NNBRQBKR](BoardAnalysis/nnbrqbkr.md) | 19692            | 25.4% | 57.4% | 17.2% | 0.541
| 55 | [NNBRQKRB](BoardAnalysis/nnbrqkrb.md) | 19690            | 26.0% | 56.4% | 17.6% | 0.542
| 56 | [NBNRBQKR](BoardAnalysis/nbnrbqkr.md) | 19690            | 37.6% | 44.1% | 18.3% | 0.596
| 57 | [NNRBBQKR](BoardAnalysis/nnrbbqkr.md) | 19690            | 27.4% | 53.7% | 18.9% | 0.543
| 58 | [NNRQBBKR](BoardAnalysis/nnrqbbkr.md) | 19690            | 29.7% | 52.8% | 17.5% | 0.561
| 59 | [NNRQBKRB](BoardAnalysis/nnrqbkrb.md) | 19690            | 25.1% | 58.5% | 16.5% | 0.543
| 60 | [NBNRQKBR](BoardAnalysis/nbnrqkbr.md) | 19690            | 27.5% | 55.5% | 17.0% | 0.553
| 61 | [NNRBQKBR](BoardAnalysis/nnrbqkbr.md) | 19710            | 27.3% | 54.5% | 18.2% | 0.545
| 62 | [NNRQKBBR](BoardAnalysis/nnrqkbbr.md) | 19710            | 33.9% | 48.8% | 17.3% | 0.583
| 63 | [NNRQKRBB](BoardAnalysis/nnrqkrbb.md) | 19710            | 30.1% | 52.2% | 17.7% | 0.562
| 64 | [BBNNRKQR](BoardAnalysis/bbnnrkqr.md) | 19709            | 31.5% | 48.8% | 19.7% | 0.559
| 65 | [BNNBRKQR](BoardAnalysis/bnnbrkqr.md) | 19700            | 30.4% | 52.0% | 17.6% | 0.564
| 66 | [BNNRKBQR](BoardAnalysis/bnnrkbqr.md) | 19700            | 25.5% | 53.9% | 20.7% | 0.524
| 67 | [BNNRKQRB](BoardAnalysis/bnnrkqrb.md) | 19700            | 24.3% | 57.1% | 18.6% | 0.529
| 68 | [NBBNRKQR](BoardAnalysis/nbbnrkqr.md) | 19700            | 24.8% | 56.5% | 18.7% | 0.530
| 69 | [NNBBRKQR](BoardAnalysis/nnbbrkqr.md) | 19700            | 23.8% | 60.1% | 16.1% | 0.538
| 70 | [NNBRKBQR](BoardAnalysis/nnbrkbqr.md) | 19700            | 33.4% | 49.7% | 16.9% | 0.582
| 71 | [NNBRKQRB](BoardAnalysis/nnbrkqrb.md) | 19700            | 30.9% | 53.1% | 16.0% | 0.575
| 72 | [NBNRBKQR](BoardAnalysis/nbnrbkqr.md) | 19700            | 31.7% | 48.9% | 19.4% | 0.561
| 73 | [NNRBBKQR](BoardAnalysis/nnrbbkqr.md) | 19700            | 28.3% | 51.9% | 19.8% | 0.542
| 74 | [NNRKBBQR](BoardAnalysis/nnrkbbqr.md) | 19693            | 28.0% | 54.2% | 17.9% | 0.550
| 75 | [NNRKBQRB](BoardAnalysis/nnrkbqrb.md) | 19690            | 28.9% | 52.9% | 18.1% | 0.554
| 76 | [NBNRKQBR](BoardAnalysis/nbnrkqbr.md) | 19690            | 28.5% | 52.6% | 19.0% | 0.547
| 77 | [NNRBKQBR](BoardAnalysis/nnrbkqbr.md) | 19690            | 29.2% | 52.2% | 18.7% | 0.552
| 78 | [NNRKQBBR](BoardAnalysis/nnrkqbbr.md) | 19690            | 25.3% | 55.7% | 19.0% | 0.531
| 79 | [NNRKQRBB](BoardAnalysis/nnrkqrbb.md) | 19690            | 35.7% | 47.5% | 16.9% | 0.594
| 80 | [BBNNRKRQ](BoardAnalysis/bbnnrkrq.md) | 19690            | 40.4% | 41.8% | 17.8% | 0.613
| 81 | [BNNBRKRQ](BoardAnalysis/bnnbrkrq.md) | 19710            | 31.7% | 50.6% | 17.7% | 0.570
| 82 | [BNNRKBRQ](BoardAnalysis/bnnrkbrq.md) | 19710            | 34.8% | 46.3% | 18.9% | 0.579
| 83 | [BNNRKRQB](BoardAnalysis/bnnrkrqb.md) | 19710            | 27.5% | 55.4% | 17.1% | 0.552
| 84 | [NBBNRKRQ](BoardAnalysis/nbbnrkrq.md) | 19710            | 26.7% | 53.5% | 19.8% | 0.535
| 85 | [NNBBRKRQ](BoardAnalysis/nnbbrkrq.md) | 19700            | 24.1% | 55.4% | 20.5% | 0.518
| 86 | [NNBRKBRQ](BoardAnalysis/nnbrkbrq.md) | 19700            | 27.5% | 53.8% | 18.7% | 0.544
| 87 | [NNBRKRQB](BoardAnalysis/nnbrkrqb.md) | 19700            | 28.7% | 51.4% | 19.9% | 0.544
| 88 | [NBNRBKRQ](BoardAnalysis/nbnrbkrq.md) | 19700            | 26.8% | 54.9% | 18.2% | 0.543
| 89 | [NNRBBKRQ](BoardAnalysis/nnrbbkrq.md) | 19700            | 29.8% | 49.2% | 21.0% | 0.544
| 90 | [NNRKBBRQ](BoardAnalysis/nnrkbbrq.md) | 19700            | 28.2% | 54.4% | 17.3% | 0.554
| 91 | [NNRKBRQB](BoardAnalysis/nnrkbrqb.md) | 19700            | 27.7% | 54.9% | 17.4% | 0.551
| 92 | [NBNRKRBQ](BoardAnalysis/nbnrkrbq.md) | 19700            | 24.4% | 55.6% | 20.0% | 0.522
| 93 | [NNRBKRBQ](BoardAnalysis/nnrbkrbq.md) | 19700            | 31.7% | 52.7% | 15.6% | 0.580
| 94 | [NNRKRBBQ](BoardAnalysis/nnrkrbbq.md) | 19694            | 27.0% | 55.5% | 17.5% | 0.548
| 95 | [NNRKRQBB](BoardAnalysis/nnrkrqbb.md) | 19690            | 26.5% | 53.9% | 19.6% | 0.534
| 96 | [BBQNRNKR](BoardAnalysis/bbqnrnkr.md) | 19690            | 30.9% | 49.4% | 19.7% | 0.556
| 97 | [BQNBRNKR](BoardAnalysis/bqnbrnkr.md) | 19690            | 27.5% | 51.1% | 21.4% | 0.530
| 98 | [BQNRNBKR](BoardAnalysis/bqnrnbkr.md) | 19690            | 26.3% | 53.4% | 20.3% | 0.530
| 99 | [BQNRNKRB](BoardAnalysis/bqnrnkrb.md) | 19690            | 23.1% | 59.4% | 17.5% | 0.528
| 100 | [QBBNRNKR](BoardAnalysis/qbbnrnkr.md) | 19690            | 33.4% | 48.8% | 17.8% | 0.578
| 101 | [QNBBRNKR](BoardAnalysis/qnbbrnkr.md) | 19710            | 28.5% | 52.3% | 19.2% | 0.546
| 102 | [QNBRNBKR](BoardAnalysis/qnbrnbkr.md) | 19710            | 23.8% | 57.3% | 18.9% | 0.524
| 103 | [QNBRNKRB](BoardAnalysis/qnbrnkrb.md) | 19710            | 27.3% | 54.1% | 18.6% | 0.544
| 104 | [QBNRBNKR](BoardAnalysis/qbnrbnkr.md) | 19709            | 27.5% | 52.2% | 20.3% | 0.536
| 105 | [QNRBBNKR](BoardAnalysis/qnrbbnkr.md) | 19700            | 27.7% | 53.6% | 18.6% | 0.546
| 106 | [QNRNBBKR](BoardAnalysis/qnrnbbkr.md) | 19700            | 24.2% | 56.4% | 19.4% | 0.524
| 107 | [QNRNBKRB](BoardAnalysis/qnrnbkrb.md) | 19700            | 29.0% | 54.5% | 16.5% | 0.562
| 108 | [QBNRNKBR](BoardAnalysis/qbnrnkbr.md) | 19700            | 23.3% | 57.4% | 19.3% | 0.520
| 109 | [QNRBNKBR](BoardAnalysis/qnrbnkbr.md) | 19700            | 21.6% | 60.2% | 18.2% | 0.517
| 110 | [QNRNKBBR](BoardAnalysis/qnrnkbbr.md) | 19700            | 28.7% | 52.4% | 18.9% | 0.549
| 111 | [QNRNKRBB](BoardAnalysis/qnrnkrbb.md) | 19700            | 37.2% | 45.9% | 16.9% | 0.601
| 112 | [BBNQRNKR](BoardAnalysis/bbnqrnkr.md) | 19700            | 27.8% | 50.6% | 21.5% | 0.531
| 113 | [BNQBRNKR](BoardAnalysis/bnqbrnkr.md) | 19700            | 28.4% | 52.8% | 18.8% | 0.548
| 114 | [BNQRNBKR](BoardAnalysis/bnqrnbkr.md) | 19700            | 30.7% | 51.9% | 17.4% | 0.566
| 115 | [BNQRNKRB](BoardAnalysis/bnqrnkrb.md) | 19691            | 23.0% | 59.4% | 17.6% | 0.527
| 116 | [NBBQRNKR](BoardAnalysis/nbbqrnkr.md) | 19690            | 24.1% | 57.9% | 18.0% | 0.530
| 117 | [NQBBRNKR](BoardAnalysis/nqbbrnkr.md) | 19690            | 26.2% | 55.6% | 18.2% | 0.540
| 118 | [NQBRNBKR](BoardAnalysis/nqbrnbkr.md) | 19690            | 23.9% | 58.0% | 18.2% | 0.528
| 119 | [NQBRNKRB](BoardAnalysis/nqbrnkrb.md) | 19690            | 20.9% | 60.9% | 18.2% | 0.513
| 120 | [NBQRBNKR](BoardAnalysis/nbqrbnkr.md) | 19690            | 33.6% | 50.0% | 16.4% | 0.586
| 121 | [NQRBBNKR](BoardAnalysis/nqrbbnkr.md) | 19710            | 26.1% | 55.1% | 18.8% | 0.537
| 122 | [NQRNBBKR](BoardAnalysis/nqrnbbkr.md) | 19710            | 29.8% | 52.6% | 17.6% | 0.561
| 123 | [NQRNBKRB](BoardAnalysis/nqrnbkrb.md) | 19710            | 23.1% | 60.1% | 16.8% | 0.532
| 124 | [NBQRNKBR](BoardAnalysis/nbqrnkbr.md) | 19706            | 24.4% | 56.6% | 19.0% | 0.527
| 125 | [NQRBNKBR](BoardAnalysis/nqrbnkbr.md) | 19700            | 25.7% | 56.6% | 17.7% | 0.540
| 126 | [NQRNKBBR](BoardAnalysis/nqrnkbbr.md) | 19700            | 27.4% | 54.4% | 18.2% | 0.546
| 127 | [NQRNKRBB](BoardAnalysis/nqrnkrbb.md) | 19700            | 27.8% | 51.9% | 20.4% | 0.537
| 128 | [BBNRQNKR](BoardAnalysis/bbnrqnkr.md) | 19700            | 31.8% | 49.6% | 18.6% | 0.566
| 129 | [BNRBQNKR](BoardAnalysis/bnrbqnkr.md) | 19700            | 28.2% | 51.5% | 20.3% | 0.540
| 130 | [BNRQNBKR](BoardAnalysis/bnrqnbkr.md) | 19700            | 22.2% | 57.6% | 20.2% | 0.510
| 131 | [BNRQNKRB](BoardAnalysis/bnrqnkrb.md) | 19700            | 23.5% | 57.9% | 18.6% | 0.524
| 132 | [NBBRQNKR](BoardAnalysis/nbbrqnkr.md) | 19700            | 26.0% | 54.9% | 19.2% | 0.534
| 133 | [NRBBQNKR](BoardAnalysis/nrbbqnkr.md) | 19700            | 26.4% | 53.4% | 20.2% | 0.531
| 134 | [NRBQNBKR](BoardAnalysis/nrbqnbkr.md) | 19693            | 24.2% | 56.6% | 19.2% | 0.525
| 135 | [NRBQNKRB](BoardAnalysis/nrbqnkrb.md) | 19690            | 24.1% | 59.1% | 16.8% | 0.536
| 136 | [NBRQBNKR](BoardAnalysis/nbrqbnkr.md) | 19690            | 25.8% | 58.5% | 15.8% | 0.550
| 137 | [NRQBBNKR](BoardAnalysis/nrqbbnkr.md) | 19690            | 25.7% | 54.9% | 19.4% | 0.532
| 138 | [NRQNBBKR](BoardAnalysis/nrqnbbkr.md) | 19690            | 29.6% | 53.0% | 17.4% | 0.561
| 139 | [NRQNBKRB](BoardAnalysis/nrqnbkrb.md) | 19690            | 25.4% | 56.9% | 17.6% | 0.539
| 140 | [NBRQNKBR](BoardAnalysis/nbrqnkbr.md) | 19690            | 25.6% | 56.2% | 18.2% | 0.537
| 141 | [NRQBNKBR](BoardAnalysis/nrqbnkbr.md) | 19710            | 27.2% | 55.1% | 17.7% | 0.548
| 142 | [NRQNKBBR](BoardAnalysis/nrqnkbbr.md) | 19710            | 28.8% | 54.4% | 16.8% | 0.560
| 143 | [NRQNKRBB](BoardAnalysis/nrqnkrbb.md) | 19710            | 26.8% | 56.8% | 16.4% | 0.552
| 144 | [BBNRNQKR](BoardAnalysis/bbnrnqkr.md) | 19707            | 29.2% | 52.1% | 18.8% | 0.552
| 145 | [BNRBNQKR](BoardAnalysis/bnrbnqkr.md) | 19700            | 27.5% | 54.7% | 17.8% | 0.549
| 146 | [BNRNQBKR](BoardAnalysis/bnrnqbkr.md) | 19700            | 30.5% | 51.3% | 18.1% | 0.562
| 147 | [BNRNQKRB](BoardAnalysis/bnrnqkrb.md) | 19700            | 27.1% | 55.5% | 17.5% | 0.548
| 148 | [NBBRNQKR](BoardAnalysis/nbbrnqkr.md) | 19700            | 28.8% | 54.4% | 16.9% | 0.559
| 149 | [NRBBNQKR](BoardAnalysis/nrbbnqkr.md) | 19700            | 26.8% | 54.4% | 18.9% | 0.539
| 150 | [NRBNQBKR](BoardAnalysis/nrbnqbkr.md) | 19700            | 28.8% | 52.8% | 18.4% | 0.552
| 151 | [NRBNQKRB](BoardAnalysis/nrbnqkrb.md) | 19700            | 24.2% | 56.7% | 19.1% | 0.526
| 152 | [NBRNBQKR](BoardAnalysis/nbrnbqkr.md) | 19700            | 27.9% | 52.0% | 20.1% | 0.539
| 153 | [NRNBBQKR](BoardAnalysis/nrnbbqkr.md) | 19700            | 30.3% | 51.7% | 18.1% | 0.561
| 154 | [NRNQBBKR](BoardAnalysis/nrnqbbkr.md) | 19693            | 26.9% | 54.0% | 19.0% | 0.540
| 155 | [NRNQBKRB](BoardAnalysis/nrnqbkrb.md) | 19690            | 24.0% | 58.1% | 17.8% | 0.531
| 156 | [NBRNQKBR](BoardAnalysis/nbrnqkbr.md) | 19690            | 24.7% | 57.4% | 17.9% | 0.534
| 157 | [NRNBQKBR](BoardAnalysis/nrnbqkbr.md) | 19690            | 23.7% | 57.4% | 18.9% | 0.524
| 158 | [NRNQKBBR](BoardAnalysis/nrnqkbbr.md) | 19690            | 30.3% | 51.6% | 18.1% | 0.561
| 159 | [NRNQKRBB](BoardAnalysis/nrnqkrbb.md) | 19690            | 30.3% | 51.7% | 18.0% | 0.562
| 160 | [BBNRNKQR](BoardAnalysis/bbnrnkqr.md) | 19690            | 31.8% | 49.3% | 18.9% | 0.565
| 161 | [BNRBNKQR](BoardAnalysis/bnrbnkqr.md) | 19710            | 24.7% | 54.4% | 20.9% | 0.519
| 162 | [BNRNKBQR](BoardAnalysis/bnrnkbqr.md) | 19710            | 27.4% | 53.3% | 19.2% | 0.541
| 163 | [BNRNKQRB](BoardAnalysis/bnrnkqrb.md) | 19710            | 25.7% | 54.9% | 19.4% | 0.531
| 164 | [NBBRNKQR](BoardAnalysis/nbbrnkqr.md) | 19706            | 28.1% | 53.2% | 18.7% | 0.547
| 165 | [NRBBNKQR](BoardAnalysis/nrbbnkqr.md) | 19700            | 40.8% | 43.5% | 15.7% | 0.626
| 166 | [NRBNKBQR](BoardAnalysis/nrbnkbqr.md) | 19700            | 33.4% | 48.5% | 18.2% | 0.576
| 167 | [NRBNKQRB](BoardAnalysis/nrbnkqrb.md) | 19700            | 23.2% | 59.0% | 17.8% | 0.527
| 168 | [NBRNBKQR](BoardAnalysis/nbrnbkqr.md) | 19700            | 23.0% | 55.4% | 21.6% | 0.507
| 169 | [NRNBBKQR](BoardAnalysis/nrnbbkqr.md) | 19700            | 28.9% | 52.4% | 18.7% | 0.551
| 170 | [NRNKBBQR](BoardAnalysis/nrnkbbqr.md) | 19700            | 27.7% | 53.5% | 18.8% | 0.545
| 171 | [NRNKBQRB](BoardAnalysis/nrnkbqrb.md) | 19700            | 26.8% | 52.3% | 20.9% | 0.530
| 172 | [NBRNKQBR](BoardAnalysis/nbrnkqbr.md) | 19700            | 23.5% | 53.6% | 22.9% | 0.503
| 173 | [NRNBKQBR](BoardAnalysis/nrnbkqbr.md) | 19698            | 27.0% | 53.6% | 19.4% | 0.538
| 174 | [NRNKQBBR](BoardAnalysis/nrnkqbbr.md) | 19690            | 27.3% | 54.6% | 18.2% | 0.546
| 175 | [NRNKQRBB](BoardAnalysis/nrnkqrbb.md) | 19690            | 32.0% | 50.0% | 18.1% | 0.570
| 176 | [BBNRNKRQ](BoardAnalysis/bbnrnkrq.md) | 19690            | 35.6% | 45.6% | 18.8% | 0.584
| 177 | [BNRBNKRQ](BoardAnalysis/bnrbnkrq.md) | 19690            | 33.5% | 49.6% | 16.9% | 0.583
| 178 | [BNRNKBRQ](BoardAnalysis/bnrnkbrq.md) | 19690            | 33.1% | 48.4% | 18.4% | 0.574
| 179 | [BNRNKRQB](BoardAnalysis/bnrnkrqb.md) | 19690            | 25.5% | 53.3% | 21.2% | 0.521
| 180 | [NBBRNKRQ](BoardAnalysis/nbbrnkrq.md) | 19690            | 23.9% | 55.9% | 20.2% | 0.518
| 181 | [NRBBNKRQ](BoardAnalysis/nrbbnkrq.md) | 19710            | 29.3% | 52.2% | 18.4% | 0.554
| 182 | [NRBNKBRQ](BoardAnalysis/nrbnkbrq.md) | 19710            | 25.3% | 54.3% | 20.4% | 0.524
| 183 | [NRBNKRQB](BoardAnalysis/nrbnkrqb.md) | 19710            | 25.4% | 56.5% | 18.1% | 0.536
| 184 | [NBRNBKRQ](BoardAnalysis/nbrnbkrq.md) | 19706            | 32.1% | 50.2% | 17.7% | 0.572
| 185 | [NRNBBKRQ](BoardAnalysis/nrnbbkrq.md) | 19700            | 29.1% | 51.7% | 19.2% | 0.549
| 186 | [NRNKBBRQ](BoardAnalysis/nrnkbbrq.md) | 19700            | 28.4% | 52.1% | 19.6% | 0.544
| 187 | [NRNKBRQB](BoardAnalysis/nrnkbrqb.md) | 19700            | 29.7% | 50.4% | 19.9% | 0.549
| 188 | [NBRNKRBQ](BoardAnalysis/nbrnkrbq.md) | 19700            | 32.0% | 51.6% | 16.4% | 0.578
| 189 | [NRNBKRBQ](BoardAnalysis/nrnbkrbq.md) | 19700            | 28.8% | 52.8% | 18.5% | 0.551
| 190 | [NRNKRBBQ](BoardAnalysis/nrnkrbbq.md) | 19700            | 31.4% | 50.5% | 18.1% | 0.567
| 191 | [NRNKRQBB](BoardAnalysis/nrnkrqbb.md) | 19700            | 32.0% | 49.6% | 18.4% | 0.568
| 192 | [BBQNRKNR](BoardAnalysis/bbqnrknr.md) | 19700            | 26.2% | 50.6% | 23.2% | 0.515
| 193 | [BQNBRKNR](BoardAnalysis/bqnbrknr.md) | 19698            | 31.8% | 48.8% | 19.4% | 0.562
| 194 | [BQNRKBNR](BoardAnalysis/bqnrkbnr.md) | 19690            | 21.9% | 59.1% | 19.1% | 0.514
| 195 | [BQNRKNRB](BoardAnalysis/bqnrknrb.md) | 19690            | 22.8% | 56.3% | 20.9% | 0.510
| 196 | [QBBNRKNR](BoardAnalysis/qbbnrknr.md) | 19690            | 27.1% | 52.3% | 20.6% | 0.533
| 197 | [QNBBRKNR](BoardAnalysis/qnbbrknr.md) | 19690            | 23.7% | 57.8% | 18.5% | 0.526
| 198 | [QNBRKBNR](BoardAnalysis/qnbrkbnr.md) | 19690            | 23.7% | 57.1% | 19.2% | 0.523
| 199 | [QNBRKNRB](BoardAnalysis/qnbrknrb.md) | 19690            | 28.1% | 52.8% | 19.1% | 0.545
| 200 | [QBNRBKNR](BoardAnalysis/qbnrbknr.md) | 19690            | 34.1% | 48.1% | 17.8% | 0.581
| 201 | [QNRBBKNR](BoardAnalysis/qnrbbknr.md) | 19710            | 26.0% | 56.6% | 17.5% | 0.542
| 202 | [QNRKBBNR](BoardAnalysis/qnrkbbnr.md) | 19710            | 26.1% | 54.5% | 19.4% | 0.534
| 203 | [QNRKBNRB](BoardAnalysis/qnrkbnrb.md) | 19710            | 28.8% | 51.0% | 20.2% | 0.543
| 204 | [QBNRKNBR](BoardAnalysis/qbnrknbr.md) | 19708            | 22.5% | 57.4% | 20.1% | 0.512
| 205 | [QNRBKNBR](BoardAnalysis/qnrbknbr.md) | 19700            | 27.1% | 53.4% | 19.5% | 0.538
| 206 | [QNRKNBBR](BoardAnalysis/qnrknbbr.md) | 19700            | 25.7% | 54.5% | 19.8% | 0.530
| 207 | [QNRKNRBB](BoardAnalysis/qnrknrbb.md) | 19700            | 31.4% | 50.9% | 17.8% | 0.568
| 208 | [BBNQRKNR](BoardAnalysis/bbnqrknr.md) | 19700            | 28.8% | 51.7% | 19.5% | 0.547
| 209 | [BNQBRKNR](BoardAnalysis/bnqbrknr.md) | 19700            | 26.1% | 53.8% | 20.2% | 0.529
| 210 | [BNQRKBNR](BoardAnalysis/bnqrkbnr.md) | 19700            | 21.6% | 60.1% | 18.3% | 0.516
| 211 | [BNQRKNRB](BoardAnalysis/bnqrknrb.md) | 19700            | 22.3% | 59.6% | 18.1% | 0.521
| 212 | [NBBQRKNR](BoardAnalysis/nbbqrknr.md) | 19700            | 26.5% | 55.3% | 18.2% | 0.542
| 213 | [NQBBRKNR](BoardAnalysis/nqbbrknr.md) | 19700            | 24.2% | 56.2% | 19.6% | 0.523
| 214 | [NQBRKBNR](BoardAnalysis/nqbrkbnr.md) | 19696            | 28.8% | 54.8% | 16.3% | 0.563
| 215 | [NQBRKNRB](BoardAnalysis/nqbrknrb.md) | 19690            | 22.0% | 62.4% | 15.6% | 0.532
| 216 | [NBQRBKNR](BoardAnalysis/nbqrbknr.md) | 19690            | 28.3% | 53.0% | 18.7% | 0.548
| 217 | [NQRBBKNR](BoardAnalysis/nqrbbknr.md) | 19690            | 22.2% | 59.4% | 18.4% | 0.519
| 218 | [NQRKBBNR](BoardAnalysis/nqrkbbnr.md) | 19690            | 24.1% | 57.7% | 18.2% | 0.529
| 219 | [NQRKBNRB](BoardAnalysis/nqrkbnrb.md) | 19690            | 27.1% | 53.0% | 19.9% | 0.536
| 220 | [NBQRKNBR](BoardAnalysis/nbqrknbr.md) | 19690            | 20.2% | 62.0% | 17.8% | 0.512
| 221 | [NQRBKNBR](BoardAnalysis/nqrbknbr.md) | 19710            | 24.5% | 58.3% | 17.2% | 0.536
| 222 | [NQRKNBBR](BoardAnalysis/nqrknbbr.md) | 19710            | 23.9% | 53.4% | 22.7% | 0.506
| 223 | [NQRKNRBB](BoardAnalysis/nqrknrbb.md) | 19710            | 29.4% | 51.6% | 19.0% | 0.552
| 224 | [BBNRQKNR](BoardAnalysis/bbnrqknr.md) | 19707            | 30.2% | 51.8% | 18.0% | 0.561
| 225 | [BNRBQKNR](BoardAnalysis/bnrbqknr.md) | 19700            | 23.3% | 54.6% | 22.1% | 0.506
| 226 | [BNRQKBNR](BoardAnalysis/bnrqkbnr.md) | 19700            | 19.1% | 63.9% | 17.0% | 0.510
| 227 | [BNRQKNRB](BoardAnalysis/bnrqknrb.md) | 19700            | 25.3% | 55.8% | 18.9% | 0.532
| 228 | [NBBRQKNR](BoardAnalysis/nbbrqknr.md) | 19700            | 26.0% | 56.7% | 17.3% | 0.543
| 229 | [NRBBQKNR](BoardAnalysis/nrbbqknr.md) | 19700            | 25.9% | 55.2% | 18.9% | 0.535
| 230 | [NRBQKBNR](BoardAnalysis/nrbqkbnr.md) | 19700            | 33.1% | 50.1% | 16.7% | 0.582
| 231 | [NRBQKNRB](BoardAnalysis/nrbqknrb.md) | 19700            | 26.9% | 54.1% | 19.0% | 0.540
| 232 | [NBRQBKNR](BoardAnalysis/nbrqbknr.md) | 19700            | 28.8% | 54.3% | 16.9% | 0.560
| 233 | [NRQBBKNR](BoardAnalysis/nrqbbknr.md) | 19700            | 24.0% | 57.4% | 18.6% | 0.527
| 234 | [NRQKBBNR](BoardAnalysis/nrqkbbnr.md) | 19690            | 34.2% | 47.7% | 18.1% | 0.580
| 235 | [NRQKBNRB](BoardAnalysis/nrqkbnrb.md) | 19690            | 27.8% | 54.5% | 17.7% | 0.550
| 236 | [NBRQKNBR](BoardAnalysis/nbrqknbr.md) | 19690            | 30.7% | 52.5% | 16.8% | 0.570
| 237 | [NRQBKNBR](BoardAnalysis/nrqbknbr.md) | 19690            | 27.9% | 51.5% | 20.6% | 0.537
| 238 | [NRQKNBBR](BoardAnalysis/nrqknbbr.md) | 19690            | 33.2% | 50.2% | 16.6% | 0.583
| 239 | [NRQKNRBB](BoardAnalysis/nrqknrbb.md) | 19690            | 26.6% | 56.8% | 16.6% | 0.550
| 240 | [BBNRKQNR](BoardAnalysis/bbnrkqnr.md) | 19690            | 23.8% | 55.6% | 20.5% | 0.517
| 241 | [BNRBKQNR](BoardAnalysis/bnrbkqnr.md) | 19690            | 27.4% | 52.8% | 19.8% | 0.538
| 242 | [BNRKQBNR](BoardAnalysis/bnrkqbnr.md) | 19690            | 25.1% | 56.0% | 18.9% | 0.531
| 243 | [BNRKQNRB](BoardAnalysis/bnrkqnrb.md) | 19690            | 27.0% | 55.4% | 17.6% | 0.547
| 244 | [NBBRKQNR](BoardAnalysis/nbbrkqnr.md) | 19690            | 31.8% | 52.4% | 15.8% | 0.580
| 245 | [NRBBKQNR](BoardAnalysis/nrbbkqnr.md) | 19690            | 30.8% | 51.4% | 17.7% | 0.566
| 246 | [NRBKQBNR](BoardAnalysis/nrbkqbnr.md) | 19690            | 36.7% | 47.0% | 16.3% | 0.602
| 247 | [NRBKQNRB](BoardAnalysis/nrbkqnrb.md) | 19690            | 26.8% | 55.8% | 17.4% | 0.547
| 248 | [NBRKBQNR](BoardAnalysis/nbrkbqnr.md) | 19690            | 35.2% | 47.8% | 17.1% | 0.590
| 249 | [NRKBBQNR](BoardAnalysis/nrkbbqnr.md) | 19680            | 29.7% | 50.7% | 19.7% | 0.550
| 250 | [NRKQBBNR](BoardAnalysis/nrkqbbnr.md) | 19680            | 31.3% | 51.3% | 17.4% | 0.570
| 251 | [NRKQBNRB](BoardAnalysis/nrkqbnrb.md) | 19680            | 30.6% | 52.0% | 17.3% | 0.566
| 252 | [NBRKQNBR](BoardAnalysis/nbrkqnbr.md) | 19680            | 34.4% | 48.5% | 17.0% | 0.587
| 253 | [NRKBQNBR](BoardAnalysis/nrkbqnbr.md) | 19680            | 28.4% | 52.7% | 18.8% | 0.548
| 254 | [NRKQNBBR](BoardAnalysis/nrkqnbbr.md) | 19680            | 32.0% | 49.8% | 18.2% | 0.569
| 255 | [NRKQNRBB](BoardAnalysis/nrkqnrbb.md) | 19680            | 31.2% | 51.1% | 17.7% | 0.568
| 256 | [BBNRKNQR](BoardAnalysis/bbnrknqr.md) | 19680            | 29.2% | 50.6% | 20.2% | 0.545
| 257 | [BNRBKNQR](BoardAnalysis/bnrbknqr.md) | 19680            | 25.7% | 53.0% | 21.3% | 0.522
| 258 | [BNRKNBQR](BoardAnalysis/bnrknbqr.md) | 19680            | 25.9% | 53.7% | 20.4% | 0.527
| 259 | [BNRKNQRB](BoardAnalysis/bnrknqrb.md) | 19680            | 24.3% | 55.8% | 19.9% | 0.522
| 260 | [NBBRKNQR](BoardAnalysis/nbbrknqr.md) | 19680            | 27.4% | 53.0% | 19.6% | 0.539
| 261 | [NRBBKNQR](BoardAnalysis/nrbbknqr.md) | 19680            | 30.4% | 50.2% | 19.4% | 0.555
| 262 | [NRBKNBQR](BoardAnalysis/nrbknbqr.md) | 19680            | 32.9% | 49.0% | 18.1% | 0.574
| 263 | [NRBKNQRB](BoardAnalysis/nrbknqrb.md) | 19670            | 32.9% | 48.9% | 18.2% | 0.574
| 264 | [NBRKBNQR](BoardAnalysis/nbrkbnqr.md) | 19670            | 29.9% | 52.8% | 17.3% | 0.563
| 265 | [NRKBBNQR](BoardAnalysis/nrkbbnqr.md) | 19667            | 27.6% | 51.9% | 20.5% | 0.536
| 266 | [NRKNBBQR](BoardAnalysis/nrknbbqr.md) | 19660            | 28.0% | 54.0% | 18.0% | 0.550
| 267 | [NRKNBQRB](BoardAnalysis/nrknbqrb.md) | 19658            | 23.9% | 56.0% | 20.1% | 0.519
| 268 | [NBRKNQBR](BoardAnalysis/nbrknqbr.md) | 19650            | 34.1% | 47.3% | 18.6% | 0.577
| 269 | [NRKBNQBR](BoardAnalysis/nrkbnqbr.md) | 19650            | 27.8% | 52.4% | 19.8% | 0.540
| 270 | [NRKNQBBR](BoardAnalysis/nrknqbbr.md) | 19649            | 22.0% | 60.5% | 17.5% | 0.523
| 271 | [NRKNQRBB](BoardAnalysis/nrknqrbb.md) | 19690            | 31.0% | 52.6% | 16.4% | 0.573
| 272 | [BBNRKNRQ](BoardAnalysis/bbnrknrq.md) | 19690            | 31.4% | 46.2% | 22.4% | 0.545
| 273 | [BNRBKNRQ](BoardAnalysis/bnrbknrq.md) | 19690            | 29.0% | 52.4% | 18.6% | 0.552
| 274 | [BNRKNBRQ](BoardAnalysis/bnrknbrq.md) | 19690            | 30.7% | 50.9% | 18.3% | 0.562
| 275 | [BNRKNRQB](BoardAnalysis/bnrknrqb.md) | 19690            | 20.2% | 62.6% | 17.3% | 0.515
| 276 | [NBBRKNRQ](BoardAnalysis/nbbrknrq.md) | 19690            | 25.2% | 56.6% | 18.1% | 0.536
| 277 | [NRBBKNRQ](BoardAnalysis/nrbbknrq.md) | 19690            | 32.7% | 46.5% | 20.8% | 0.559
| 278 | [NRBKNBRQ](BoardAnalysis/nrbknbrq.md) | 19690            | 27.5% | 51.9% | 20.7% | 0.534
| 279 | [NRBKNRQB](BoardAnalysis/nrbknrqb.md) | 19680            | 35.4% | 48.3% | 16.2% | 0.596
| 280 | [NBRKBNRQ](BoardAnalysis/nbrkbnrq.md) | 19680            | 36.5% | 48.3% | 15.2% | 0.606
| 281 | [NRKBBNRQ](BoardAnalysis/nrkbbnrq.md) | 19680            | 28.7% | 52.9% | 18.4% | 0.551
| 282 | [NRKNBBRQ](BoardAnalysis/nrknbbrq.md) | 19680            | 29.9% | 51.9% | 18.3% | 0.558
| 283 | [NRKNBRQB](BoardAnalysis/nrknbrqb.md) | 19680            | 28.7% | 52.9% | 18.4% | 0.552
| 284 | [NBRKNRBQ](BoardAnalysis/nbrknrbq.md) | 19680            | 27.9% | 54.0% | 18.2% | 0.549
| 285 | [NRKBNRBQ](BoardAnalysis/nrkbnrbq.md) | 19680            | 27.9% | 53.5% | 18.6% | 0.546
| 286 | [NRKNRBBQ](BoardAnalysis/nrknrbbq.md) | 19680            | 25.7% | 55.0% | 19.3% | 0.532
| 287 | [NRKNRQBB](BoardAnalysis/nrknrqbb.md) | 19680            | 20.0% | 63.1% | 16.8% | 0.516
| 288 | [BBQNRKRN](BoardAnalysis/bbqnrkrn.md) | 19680            | 31.2% | 48.7% | 20.1% | 0.556
| 289 | [BQNBRKRN](BoardAnalysis/bqnbrkrn.md) | 19680            | 33.2% | 48.7% | 18.1% | 0.576
| 290 | [BQNRKBRN](BoardAnalysis/bqnrkbrn.md) | 19680            | 30.1% | 50.9% | 19.0% | 0.555
| 291 | [BQNRKRNB](BoardAnalysis/bqnrkrnb.md) | 19680            | 20.4% | 61.0% | 18.7% | 0.509
| 292 | [QBBNRKRN](BoardAnalysis/qbbnrkrn.md) | 19670            | 29.6% | 49.5% | 20.9% | 0.544
| 293 | [QNBBRKRN](BoardAnalysis/qnbbrkrn.md) | 19670            | 27.8% | 53.6% | 18.6% | 0.546
| 294 | [QNBRKBRN](BoardAnalysis/qnbrkbrn.md) | 19670            | 28.6% | 53.7% | 17.7% | 0.555
| 295 | [QNBRKRNB](BoardAnalysis/qnbrkrnb.md) | 19670            | 21.9% | 60.1% | 18.0% | 0.519
| 296 | [QBNRBKRN](BoardAnalysis/qbnrbkrn.md) | 19670            | 23.3% | 57.4% | 19.3% | 0.520
| 297 | [QNRBBKRN](BoardAnalysis/qnrbbkrn.md) | 19670            | 25.3% | 56.0% | 18.6% | 0.534
| 298 | [QNRKBBRN](BoardAnalysis/qnrkbbrn.md) | 19664            | 35.5% | 46.7% | 17.8% | 0.589
| 299 | [QNRKBRNB](BoardAnalysis/qnrkbrnb.md) | 19660            | 27.6% | 53.4% | 19.0% | 0.543
| 300 | [QBNRKRBN](BoardAnalysis/qbnrkrbn.md) | 19650            | 21.4% | 61.0% | 17.6% | 0.519
| 301 | [QNRBKRBN](BoardAnalysis/qnrbkrbn.md) | 19690            | 23.9% | 55.6% | 20.4% | 0.518
| 302 | [QNRKRBBN](BoardAnalysis/qnrkrbbn.md) | 19690            | 28.5% | 53.3% | 18.1% | 0.552
| 303 | [QNRKRNBB](BoardAnalysis/qnrkrnbb.md) | 19690            | 32.7% | 47.4% | 19.8% | 0.564
| 304 | [BBNQRKRN](BoardAnalysis/bbnqrkrn.md) | 19690            | 23.6% | 56.8% | 19.6% | 0.520
| 305 | [BNQBRKRN](BoardAnalysis/bnqbrkrn.md) | 19690            | 30.6% | 50.3% | 19.1% | 0.558
| 306 | [BNQRKBRN](BoardAnalysis/bnqrkbrn.md) | 19690            | 26.7% | 55.6% | 17.7% | 0.545
| 307 | [BNQRKRNB](BoardAnalysis/bnqrkrnb.md) | 19690            | 24.1% | 59.1% | 16.8% | 0.536
| 308 | [NBBQRKRN](BoardAnalysis/nbbqrkrn.md) | 19690            | 26.3% | 56.5% | 17.2% | 0.545
| 309 | [NQBBRKRN](BoardAnalysis/nqbbrkrn.md) | 19680            | 26.9% | 55.1% | 18.0% | 0.544
| 310 | [NQBRKBRN](BoardAnalysis/nqbrkbrn.md) | 19680            | 32.2% | 51.3% | 16.6% | 0.578
| 311 | [NQBRKRNB](BoardAnalysis/nqbrkrnb.md) | 19680            | 23.7% | 58.5% | 17.8% | 0.529
| 312 | [NBQRBKRN](BoardAnalysis/nbqrbkrn.md) | 19680            | 31.2% | 52.1% | 16.7% | 0.572
| 313 | [NQRBBKRN](BoardAnalysis/nqrbbkrn.md) | 19680            | 28.5% | 53.9% | 17.5% | 0.555
| 314 | [NQRKBBRN](BoardAnalysis/nqrkbbrn.md) | 19680            | 34.6% | 49.5% | 16.0% | 0.593
| 315 | [NQRKBRNB](BoardAnalysis/nqrkbrnb.md) | 19680            | 25.8% | 56.1% | 18.1% | 0.538
| 316 | [NBQRKRBN](BoardAnalysis/nbqrkrbn.md) | 19680            | 36.6% | 47.0% | 16.3% | 0.601
| 317 | [NQRBKRBN](BoardAnalysis/nqrbkrbn.md) | 19680            | 37.0% | 48.2% | 14.8% | 0.611
| 318 | [NQRKRBBN](BoardAnalysis/nqrkrbbn.md) | 19676            | 25.7% | 53.3% | 20.9% | 0.524
| 319 | [NQRKRNBB](BoardAnalysis/nqrkrnbb.md) | 19670            | 25.9% | 55.0% | 19.0% | 0.534
| 320 | [BBNRQKRN](BoardAnalysis/bbnrqkrn.md) | 19670            | 22.7% | 57.7% | 19.6% | 0.516
| 321 | [BNRBQKRN](BoardAnalysis/bnrbqkrn.md) | 19670            | 26.7% | 51.5% | 21.8% | 0.525
| 322 | [BNRQKBRN](BoardAnalysis/bnrqkbrn.md) | 19670            | 27.2% | 54.9% | 17.9% | 0.547
| 323 | [BNRQKRNB](BoardAnalysis/bnrqkrnb.md) | 19660            | 22.5% | 59.1% | 18.4% | 0.520
| 324 | [NBBRQKRN](BoardAnalysis/nbbrqkrn.md) | 19660            | 23.9% | 58.0% | 18.2% | 0.528
| 325 | [NRBBQKRN](BoardAnalysis/nrbbqkrn.md) | 19660            | 26.4% | 56.2% | 17.4% | 0.545
| 326 | [NRBQKBRN](BoardAnalysis/nrbqkbrn.md) | 19660            | 24.5% | 57.2% | 18.2% | 0.531
| 327 | [NRBQKRNB](BoardAnalysis/nrbqkrnb.md) | 19650            | 25.0% | 57.7% | 17.3% | 0.539
| 328 | [NBRQBKRN](BoardAnalysis/nbrqbkrn.md) | 19650            | 33.2% | 50.4% | 16.4% | 0.584
| 329 | [NRQBBKRN](BoardAnalysis/nrqbbkrn.md) | 19640            | 24.6% | 55.8% | 19.6% | 0.525
| 330 | [NRQKBBRN](BoardAnalysis/nrqkbbrn.md) | 19640            | 30.0% | 51.4% | 18.6% | 0.557
| 331 | [NRQKBRNB](BoardAnalysis/nrqkbrnb.md) | 19690            | 27.8% | 54.2% | 18.0% | 0.549
| 332 | [NBRQKRBN](BoardAnalysis/nbrqkrbn.md) | 19690            | 42.2% | 44.0% | 13.8% | 0.642
| 333 | [NRQBKRBN](BoardAnalysis/nrqbkrbn.md) | 19690            | 38.0% | 47.1% | 14.9% | 0.616
| 334 | [NRQKRBBN](BoardAnalysis/nrqkrbbn.md) | 19690            | 28.9% | 53.6% | 17.6% | 0.556
| 335 | [NRQKRNBB](BoardAnalysis/nrqkrnbb.md) | 19690            | 29.3% | 52.7% | 17.9% | 0.557
| 336 | [BBNRKQRN](BoardAnalysis/bbnrkqrn.md) | 19690            | 33.4% | 49.9% | 16.8% | 0.583
| 337 | [BNRBKQRN](BoardAnalysis/bnrbkqrn.md) | 19690            | 23.8% | 59.3% | 17.0% | 0.534
| 338 | [BNRKQBRN](BoardAnalysis/bnrkqbrn.md) | 19680            | 23.7% | 58.1% | 18.3% | 0.527
| 339 | [BNRKQRNB](BoardAnalysis/bnrkqrnb.md) | 19680            | 23.5% | 57.0% | 19.5% | 0.520
| 340 | [NBBRKQRN](BoardAnalysis/nbbrkqrn.md) | 19680            | 28.0% | 53.1% | 18.8% | 0.546
| 341 | [NRBBKQRN](BoardAnalysis/nrbbkqrn.md) | 19680            | 30.2% | 50.7% | 19.1% | 0.556
| 342 | [NRBKQBRN](BoardAnalysis/nrbkqbrn.md) | 19680            | 30.7% | 52.0% | 17.3% | 0.567
| 343 | [NRBKQRNB](BoardAnalysis/nrbkqrnb.md) | 19680            | 31.5% | 49.7% | 18.8% | 0.563
| 344 | [NBRKBQRN](BoardAnalysis/nbrkbqrn.md) | 19680            | 30.5% | 51.9% | 17.5% | 0.565
| 345 | [NRKBBQRN](BoardAnalysis/nrkbbqrn.md) | 19680            | 25.0% | 54.3% | 20.7% | 0.522
| 346 | [NRKQBBRN](BoardAnalysis/nrkqbbrn.md) | 19680            | 30.0% | 50.8% | 19.2% | 0.554
| 347 | [NRKQBRNB](BoardAnalysis/nrkqbrnb.md) | 19680            | 31.5% | 50.0% | 18.5% | 0.565
| 348 | [NBRKQRBN](BoardAnalysis/nbrkqrbn.md) | 19680            | 38.6% | 45.9% | 15.5% | 0.615
| 349 | [NRKBQRBN](BoardAnalysis/nrkbqrbn.md) | 19680            | 37.3% | 47.4% | 15.3% | 0.610
| 350 | [NRKQRBBN](BoardAnalysis/nrkqrbbn.md) | 19680            | 26.3% | 56.1% | 17.6% | 0.544
| 351 | [NRKQRNBB](BoardAnalysis/nrkqrnbb.md) | 19680            | 25.8% | 55.3% | 18.9% | 0.534
| 352 | [BBNRKRQN](BoardAnalysis/bbnrkrqn.md) | 19670            | 27.1% | 54.6% | 18.4% | 0.544
| 353 | [BNRBKRQN](BoardAnalysis/bnrbkrqn.md) | 19670            | 27.4% | 55.7% | 16.9% | 0.553
| 354 | [BNRKRBQN](BoardAnalysis/bnrkrbqn.md) | 19670            | 27.2% | 56.0% | 16.8% | 0.552
| 355 | [BNRKRQNB](BoardAnalysis/bnrkrqnb.md) | 19670            | 24.5% | 56.7% | 18.8% | 0.528
| 356 | [NBBRKRQN](BoardAnalysis/nbbrkrqn.md) | 19663            | 24.3% | 56.1% | 19.6% | 0.524
| 357 | [NRBBKRQN](BoardAnalysis/nrbbkrqn.md) | 19660            | 28.3% | 54.4% | 17.2% | 0.556
| 358 | [NRBKRBQN](BoardAnalysis/nrbkrbqn.md) | 19660            | 31.3% | 52.2% | 16.5% | 0.574
| 359 | [NRBKRQNB](BoardAnalysis/nrbkrqnb.md) | 19650            | 28.8% | 55.4% | 15.8% | 0.565
| 360 | [NBRKBRQN](BoardAnalysis/nbrkbrqn.md) | 19650            | 33.3% | 48.5% | 18.2% | 0.576
| 361 | [NRKBBRQN](BoardAnalysis/nrkbbrqn.md) | 19690            | 23.5% | 57.8% | 18.7% | 0.524
| 362 | [NRKRBBQN](BoardAnalysis/nrkrbbqn.md) | 19690            | 28.8% | 50.8% | 20.4% | 0.542
| 363 | [NRKRBQNB](BoardAnalysis/nrkrbqnb.md) | 19690            | 27.4% | 53.7% | 18.9% | 0.542
| 364 | [NBRKRQBN](BoardAnalysis/nbrkrqbn.md) | 19690            | 28.1% | 52.3% | 19.6% | 0.542
| 365 | [NRKBRQBN](BoardAnalysis/nrkbrqbn.md) | 19690            | 25.4% | 57.8% | 16.8% | 0.543
| 366 | [NRKRQBBN](BoardAnalysis/nrkrqbbn.md) | 19690            | 31.6% | 52.0% | 16.3% | 0.576
| 367 | [NRKRQNBB](BoardAnalysis/nrkrqnbb.md) | 19690            | 26.3% | 55.2% | 18.5% | 0.539
| 368 | [BBNRKRNQ](BoardAnalysis/bbnrkrnq.md) | 19680            | 40.4% | 42.8% | 16.8% | 0.618
| 369 | [BNRBKRNQ](BoardAnalysis/bnrbkrnq.md) | 19680            | 27.7% | 52.9% | 19.4% | 0.542
| 370 | [BNRKRBNQ](BoardAnalysis/bnrkrbnq.md) | 19680            | 26.9% | 55.1% | 18.0% | 0.545
| 371 | [BNRKRNQB](BoardAnalysis/bnrkrnqb.md) | 19680            | 22.9% | 58.5% | 18.6% | 0.521
| 372 | [NBBRKRNQ](BoardAnalysis/nbbrkrnq.md) | 19680            | 26.1% | 53.8% | 20.1% | 0.530
| 373 | [NRBBKRNQ](BoardAnalysis/nrbbkrnq.md) | 19680            | 35.0% | 45.6% | 19.4% | 0.578
| 374 | [NRBKRBNQ](BoardAnalysis/nrbkrbnq.md) | 19680            | 25.3% | 54.2% | 20.5% | 0.524
| 375 | [NRBKRNQB](BoardAnalysis/nrbkrnqb.md) | 19680            | 29.8% | 49.5% | 20.7% | 0.546
| 376 | [NBRKBRNQ](BoardAnalysis/nbrkbrnq.md) | 19680            | 24.6% | 56.0% | 19.4% | 0.526
| 377 | [NRKBBRNQ](BoardAnalysis/nrkbbrnq.md) | 19680            | 27.1% | 54.3% | 18.6% | 0.543
| 378 | [NRKRBBNQ](BoardAnalysis/nrkrbbnq.md) | 19680            | 29.7% | 50.9% | 19.3% | 0.552
| 379 | [NRKRBNQB](BoardAnalysis/nrkrbnqb.md) | 19680            | 36.3% | 45.5% | 18.2% | 0.590
| 380 | [NBRKRNBQ](BoardAnalysis/nbrkrnbq.md) | 19680            | 22.6% | 59.4% | 18.0% | 0.523
| 381 | [NRKBRNBQ](BoardAnalysis/nrkbrnbq.md) | 19680            | 30.5% | 50.9% | 18.6% | 0.559
| 382 | [NRKRNBBQ](BoardAnalysis/nrkrnbbq.md) | 19670            | 31.1% | 49.7% | 19.2% | 0.560
| 383 | [NRKRNQBB](BoardAnalysis/nrkrnqbb.md) | 19670            | 23.9% | 52.8% | 23.3% | 0.503
| 384 | [BBQRNNKR](BoardAnalysis/bbqrnnkr.md) | 19670            | 28.2% | 51.6% | 20.2% | 0.540
| 385 | [BQRBNNKR](BoardAnalysis/bqrbnnkr.md) | 19670            | 25.3% | 55.4% | 19.3% | 0.530
| 386 | [BQRNNBKR](BoardAnalysis/bqrnnbkr.md) | 19670            | 24.3% | 54.2% | 21.5% | 0.514
| 387 | [BQRNNKRB](BoardAnalysis/bqrnnkrb.md) | 19664            | 23.0% | 59.4% | 17.7% | 0.527
| 388 | [QBBRNNKR](BoardAnalysis/qbbrnnkr.md) | 19660            | 30.4% | 51.0% | 18.6% | 0.559
| 389 | [QRBBNNKR](BoardAnalysis/qrbbnnkr.md) | 19650            | 26.7% | 54.2% | 19.0% | 0.539
| 390 | [QRBNNBKR](BoardAnalysis/qrbnnbkr.md) | 19650            | 27.6% | 55.0% | 17.4% | 0.551
| 391 | [QRBNNKRB](BoardAnalysis/qrbnnkrb.md) | 19690            | 27.5% | 54.9% | 17.6% | 0.549
| 392 | [QBRNBNKR](BoardAnalysis/qbrnbnkr.md) | 19690            | 33.1% | 47.1% | 19.8% | 0.567
| 393 | [QRNBBNKR](BoardAnalysis/qrnbbnkr.md) | 19690            | 26.0% | 53.6% | 20.4% | 0.528
| 394 | [QRNNBBKR](BoardAnalysis/qrnnbbkr.md) | 19690            | 25.2% | 56.2% | 18.6% | 0.533
| 395 | [QRNNBKRB](BoardAnalysis/qrnnbkrb.md) | 19690            | 25.4% | 57.2% | 17.3% | 0.541
| 396 | [QBRNNKBR](BoardAnalysis/qbrnnkbr.md) | 19690            | 26.7% | 55.9% | 17.4% | 0.547
| 397 | [QRNBNKBR](BoardAnalysis/qrnbnkbr.md) | 19690            | 26.2% | 55.4% | 18.4% | 0.539
| 398 | [QRNNKBBR](BoardAnalysis/qrnnkbbr.md) | 19680            | 27.2% | 56.1% | 16.6% | 0.553
| 399 | [QRNNKRBB](BoardAnalysis/qrnnkrbb.md) | 19680            | 36.8% | 46.0% | 17.1% | 0.598
| 400 | [BBRQNNKR](BoardAnalysis/bbrqnnkr.md) | 19680            | 23.9% | 54.9% | 21.2% | 0.514
| 401 | [BRQBNNKR](BoardAnalysis/brqbnnkr.md) | 19680            | 23.2% | 57.1% | 19.7% | 0.518
| 402 | [BRQNNBKR](BoardAnalysis/brqnnbkr.md) | 19680            | 25.2% | 53.7% | 21.1% | 0.521
| 403 | [BRQNNKRB](BoardAnalysis/brqnnkrb.md) | 19680            | 23.2% | 60.2% | 16.6% | 0.533
| 404 | [RBBQNNKR](BoardAnalysis/rbbqnnkr.md) | 19680            | 23.2% | 57.4% | 19.4% | 0.519
| 405 | [RQBBNNKR](BoardAnalysis/rqbbnnkr.md) | 19680            | 25.8% | 55.7% | 18.5% | 0.536
