# Opening Analysis for Chess960: Results

* We provide the same list twice, first sorted by [board name](#sorted-by-board-name), and then sorted by [advantage for white](#sorted-by-advantage-for-white).
* The Starting Position Index (SPI) follows the [Chess960 numbering scheme](https://en.wikipedia.org/wiki/Fischer_random_chess_numbering_scheme).

## Sorted by board name

| SPI | Board                            | # Played Matches        | White           | Draw           | Black           | Average points for White |
|:-----:|----------------------------------|:-----------------------:|:---------------:|:--------------:|:---------------:|:------------------------:|
| 0 | [BBQNNRKR](BoardAnalysis/bbqnnrkr.md) | 100            | 35.0% | 26.0% | 39.0% | 0.480
| 1 | [BQNBNRKR](BoardAnalysis/bqnbnrkr.md) | 100            | 35.0% | 31.0% | 34.0% | 0.505
| 2 | [BQNNRBKR](BoardAnalysis/bqnnrbkr.md) | 100            | 38.0% | 28.0% | 34.0% | 0.520
| 3 | [BQNNRKRB](BoardAnalysis/bqnnrkrb.md) | 100            | 42.0% | 30.0% | 28.0% | 0.570
| 4 | [QBBNNRKR](BoardAnalysis/qbbnnrkr.md) | 100            | 41.0% | 25.0% | 34.0% | 0.535
| 5 | [QNBBNRKR](BoardAnalysis/qnbbnrkr.md) | 100            | 40.0% | 20.0% | 40.0% | 0.500
| 6 | [QNBNRBKR](BoardAnalysis/qnbnrbkr.md) | 100            | 46.0% | 29.0% | 25.0% | 0.605
| 7 | [QNBNRKRB](BoardAnalysis/qnbnrkrb.md) | 100            | 43.0% | 26.0% | 31.0% | 0.560
| 8 | [QBNNBRKR](BoardAnalysis/qbnnbrkr.md) | 100            | 40.0% | 22.0% | 38.0% | 0.510
| 9 | [QNNBBRKR](BoardAnalysis/qnnbbrkr.md) | 100            | 39.0% | 29.0% | 32.0% | 0.535
| 10 | [QNNRBBKR](BoardAnalysis/qnnrbbkr.md) | 100            | 31.0% | 39.0% | 30.0% | 0.505
| 11 | [QNNRBKRB](BoardAnalysis/qnnrbkrb.md) | 100            | 42.0% | 31.0% | 27.0% | 0.575
| 12 | [QBNNRKBR](BoardAnalysis/qbnnrkbr.md) | 100            | 46.0% | 25.0% | 29.0% | 0.585
| 13 | [QNNBRKBR](BoardAnalysis/qnnbrkbr.md) | 100            | 32.0% | 36.0% | 32.0% | 0.500
| 14 | [QNNRKBBR](BoardAnalysis/qnnrkbbr.md) | 100            | 38.0% | 37.0% | 25.0% | 0.565
| 15 | [QNNRKRBB](BoardAnalysis/qnnrkrbb.md) | 100            | 39.0% | 28.0% | 33.0% | 0.530
| 16 | [BBNQNRKR](BoardAnalysis/bbnqnrkr.md) | 100            | 35.0% | 31.0% | 34.0% | 0.505
| 17 | [BNQBNRKR](BoardAnalysis/bnqbnrkr.md) | 100            | 38.0% | 31.0% | 31.0% | 0.535
| 18 | [BNQNRBKR](BoardAnalysis/bnqnrbkr.md) | 100            | 38.0% | 29.0% | 33.0% | 0.525
| 19 | [BNQNRKRB](BoardAnalysis/bnqnrkrb.md) | 100            | 33.0% | 41.0% | 26.0% | 0.535
| 20 | [NBBQNRKR](BoardAnalysis/nbbqnrkr.md) | 100            | 36.0% | 38.0% | 26.0% | 0.550
| 21 | [NQBBNRKR](BoardAnalysis/nqbbnrkr.md) | 100            | 38.0% | 31.0% | 31.0% | 0.535
| 22 | [NQBNRBKR](BoardAnalysis/nqbnrbkr.md) | 100            | 43.0% | 31.0% | 26.0% | 0.585
| 23 | [NQBNRKRB](BoardAnalysis/nqbnrkrb.md) | 100            | 33.0% | 37.0% | 30.0% | 0.515
| 24 | [NBQNBRKR](BoardAnalysis/nbqnbrkr.md) | 100            | 36.0% | 36.0% | 28.0% | 0.540
| 25 | [NQNBBRKR](BoardAnalysis/nqnbbrkr.md) | 100            | 39.0% | 33.0% | 28.0% | 0.555
| 26 | [NQNRBBKR](BoardAnalysis/nqnrbbkr.md) | 100            | 50.0% | 27.0% | 23.0% | 0.635
| 27 | [NQNRBKRB](BoardAnalysis/nqnrbkrb.md) | 100            | 34.0% | 38.0% | 28.0% | 0.530
| 28 | [NBQNRKBR](BoardAnalysis/nbqnrkbr.md) | 100            | 36.0% | 36.0% | 28.0% | 0.540
| 29 | [NQNBRKBR](BoardAnalysis/nqnbrkbr.md) | 100            | 32.0% | 33.0% | 35.0% | 0.485
| 30 | [NQNRKBBR](BoardAnalysis/nqnrkbbr.md) | 100            | 39.0% | 30.0% | 31.0% | 0.540
| 31 | [NQNRKRBB](BoardAnalysis/nqnrkrbb.md) | 100            | 53.0% | 25.0% | 22.0% | 0.655
| 32 | [BBNNQRKR](BoardAnalysis/bbnnqrkr.md) | 100            | 37.0% | 32.0% | 31.0% | 0.530
| 33 | [BNNBQRKR](BoardAnalysis/bnnbqrkr.md) | 100            | 35.0% | 32.0% | 33.0% | 0.510
| 34 | [BNNQRBKR](BoardAnalysis/bnnqrbkr.md) | 100            | 37.0% | 33.0% | 30.0% | 0.535
| 35 | [BNNQRKRB](BoardAnalysis/bnnqrkrb.md) | 100            | 37.0% | 32.0% | 31.0% | 0.530
| 36 | [NBBNQRKR](BoardAnalysis/nbbnqrkr.md) | 100            | 34.0% | 31.0% | 35.0% | 0.495
| 37 | [NNBBQRKR](BoardAnalysis/nnbbqrkr.md) | 100            | 28.0% | 37.0% | 35.0% | 0.465
| 38 | [NNBQRBKR](BoardAnalysis/nnbqrbkr.md) | 100            | 36.0% | 38.0% | 26.0% | 0.550
| 39 | [NNBQRKRB](BoardAnalysis/nnbqrkrb.md) | 100            | 34.0% | 34.0% | 32.0% | 0.510
| 40 | [NBNQBRKR](BoardAnalysis/nbnqbrkr.md) | 100            | 40.0% | 28.0% | 32.0% | 0.540
| 41 | [NNQBBRKR](BoardAnalysis/nnqbbrkr.md) | 100            | 34.0% | 29.0% | 37.0% | 0.485
| 42 | [NNQRBBKR](BoardAnalysis/nnqrbbkr.md) | 100            | 41.0% | 32.0% | 27.0% | 0.570
| 43 | [NNQRBKRB](BoardAnalysis/nnqrbkrb.md) | 100            | 33.0% | 36.0% | 31.0% | 0.510
| 44 | [NBNQRKBR](BoardAnalysis/nbnqrkbr.md) | 100            | 44.0% | 28.0% | 28.0% | 0.580
| 45 | [NNQBRKBR](BoardAnalysis/nnqbrkbr.md) | 100            | 37.0% | 37.0% | 26.0% | 0.555
| 46 | [NNQRKBBR](BoardAnalysis/nnqrkbbr.md) | 100            | 44.0% | 30.0% | 26.0% | 0.590
| 47 | [NNQRKRBB](BoardAnalysis/nnqrkrbb.md) | 100            | 38.0% | 38.0% | 24.0% | 0.570
| 48 | [BBNNRQKR](BoardAnalysis/bbnnrqkr.md) | 100            | 39.0% | 27.0% | 34.0% | 0.525
| 49 | [BNNBRQKR](BoardAnalysis/bnnbrqkr.md) | 100            | 39.0% | 34.0% | 27.0% | 0.560
| 50 | [BNNRQBKR](BoardAnalysis/bnnrqbkr.md) | 100            | 41.0% | 24.0% | 35.0% | 0.530
| 51 | [BNNRQKRB](BoardAnalysis/bnnrqkrb.md) | 100            | 29.0% | 50.0% | 21.0% | 0.540
| 52 | [NBBNRQKR](BoardAnalysis/nbbnrqkr.md) | 100            | 38.0% | 31.0% | 31.0% | 0.535
| 53 | [NNBBRQKR](BoardAnalysis/nnbbrqkr.md) | 100            | 41.0% | 39.0% | 20.0% | 0.605
| 54 | [NNBRQBKR](BoardAnalysis/nnbrqbkr.md) | 100            | 48.0% | 28.0% | 24.0% | 0.620
| 55 | [NNBRQKRB](BoardAnalysis/nnbrqkrb.md) | 100            | 42.0% | 29.0% | 29.0% | 0.565
| 56 | [NBNRBQKR](BoardAnalysis/nbnrbqkr.md) | 100            | 37.0% | 35.0% | 28.0% | 0.545
| 57 | [NNRBBQKR](BoardAnalysis/nnrbbqkr.md) | 100            | 34.0% | 32.0% | 34.0% | 0.500
| 58 | [NNRQBBKR](BoardAnalysis/nnrqbbkr.md) | 100            | 46.0% | 25.0% | 29.0% | 0.585
| 59 | [NNRQBKRB](BoardAnalysis/nnrqbkrb.md) | 100            | 41.0% | 34.0% | 25.0% | 0.580
| 60 | [NBNRQKBR](BoardAnalysis/nbnrqkbr.md) | 100            | 35.0% | 40.0% | 25.0% | 0.550
| 61 | [NNRBQKBR](BoardAnalysis/nnrbqkbr.md) | 100            | 49.0% | 30.0% | 21.0% | 0.640
| 62 | [NNRQKBBR](BoardAnalysis/nnrqkbbr.md) | 100            | 48.0% | 29.0% | 23.0% | 0.625
| 63 | [NNRQKRBB](BoardAnalysis/nnrqkrbb.md) | 100            | 41.0% | 32.0% | 27.0% | 0.570
| 64 | [BBNNRKQR](BoardAnalysis/bbnnrkqr.md) | 100            | 38.0% | 26.0% | 36.0% | 0.510
| 65 | [BNNBRKQR](BoardAnalysis/bnnbrkqr.md) | 100            | 36.0% | 36.0% | 28.0% | 0.540
| 66 | [BNNRKBQR](BoardAnalysis/bnnrkbqr.md) | 100            | 33.0% | 34.0% | 33.0% | 0.500
| 67 | [BNNRKQRB](BoardAnalysis/bnnrkqrb.md) | 100            | 39.0% | 30.0% | 31.0% | 0.540
| 68 | [NBBNRKQR](BoardAnalysis/nbbnrkqr.md) | 100            | 32.0% | 35.0% | 33.0% | 0.495
| 69 | [NNBBRKQR](BoardAnalysis/nnbbrkqr.md) | 100            | 34.0% | 40.0% | 26.0% | 0.540
| 70 | [NNBRKBQR](BoardAnalysis/nnbrkbqr.md) | 100            | 42.0% | 24.0% | 34.0% | 0.540
| 71 | [NNBRKQRB](BoardAnalysis/nnbrkqrb.md) | 100            | 43.0% | 34.0% | 23.0% | 0.600
| 72 | [NBNRBKQR](BoardAnalysis/nbnrbkqr.md) | 100            | 41.0% | 25.0% | 34.0% | 0.535
| 73 | [NNRBBKQR](BoardAnalysis/nnrbbkqr.md) | 100            | 38.0% | 33.0% | 29.0% | 0.545
| 74 | [NNRKBBQR](BoardAnalysis/nnrkbbqr.md) | 100            | 36.0% | 29.0% | 35.0% | 0.505
| 75 | [NNRKBQRB](BoardAnalysis/nnrkbqrb.md) | 100            | 41.0% | 31.0% | 28.0% | 0.565
| 76 | [NBNRKQBR](BoardAnalysis/nbnrkqbr.md) | 100            | 41.0% | 26.0% | 33.0% | 0.540
| 77 | [NNRBKQBR](BoardAnalysis/nnrbkqbr.md) | 100            | 42.0% | 29.0% | 29.0% | 0.565
| 78 | [NNRKQBBR](BoardAnalysis/nnrkqbbr.md) | 100            | 36.0% | 31.0% | 33.0% | 0.515
| 79 | [NNRKQRBB](BoardAnalysis/nnrkqrbb.md) | 100            | 42.0% | 25.0% | 33.0% | 0.545
| 80 | [BBNNRKRQ](BoardAnalysis/bbnnrkrq.md) | 100            | 45.0% | 30.0% | 25.0% | 0.600
| 81 | [BNNBRKRQ](BoardAnalysis/bnnbrkrq.md) | 100            | 42.0% | 23.0% | 35.0% | 0.535
| 82 | [BNNRKBRQ](BoardAnalysis/bnnrkbrq.md) | 100            | 40.0% | 29.0% | 31.0% | 0.545
| 83 | [BNNRKRQB](BoardAnalysis/bnnrkrqb.md) | 100            | 41.0% | 22.0% | 37.0% | 0.520
| 84 | [NBBNRKRQ](BoardAnalysis/nbbnrkrq.md) | 100            | 41.0% | 25.0% | 34.0% | 0.535
| 85 | [NNBBRKRQ](BoardAnalysis/nnbbrkrq.md) | 100            | 40.0% | 25.0% | 35.0% | 0.525
| 86 | [NNBRKBRQ](BoardAnalysis/nnbrkbrq.md) | 100            | 43.0% | 31.0% | 26.0% | 0.585

----
# Sorted by Advantage for White

| SPI | Board                            | # Played Matches        | White           | Draw           | Black           | Average points for White |
|:-----:|----------------------------------|:-----------------------:|:---------------:|:--------------:|:---------------:|:------------------------:|
| 31 | [NQNRKRBB](BoardAnalysis/nqnrkrbb.md) | 100            | 53.0% | 25.0% | 22.0% | 0.655
| 61 | [NNRBQKBR](BoardAnalysis/nnrbqkbr.md) | 100            | 49.0% | 30.0% | 21.0% | 0.640
| 26 | [NQNRBBKR](BoardAnalysis/nqnrbbkr.md) | 100            | 50.0% | 27.0% | 23.0% | 0.635
| 54 | [NNBRQBKR](BoardAnalysis/nnbrqbkr.md) | 100            | 48.0% | 28.0% | 24.0% | 0.620
| 62 | [NNRQKBBR](BoardAnalysis/nnrqkbbr.md) | 100            | 48.0% | 29.0% | 23.0% | 0.625
| 6 | [QNBNRBKR](BoardAnalysis/qnbnrbkr.md) | 100            | 46.0% | 29.0% | 25.0% | 0.605
| 53 | [NNBBRQKR](BoardAnalysis/nnbbrqkr.md) | 100            | 41.0% | 39.0% | 20.0% | 0.605
| 71 | [NNBRKQRB](BoardAnalysis/nnbrkqrb.md) | 100            | 43.0% | 34.0% | 23.0% | 0.600
| 80 | [BBNNRKRQ](BoardAnalysis/bbnnrkrq.md) | 100            | 45.0% | 30.0% | 25.0% | 0.600
| 46 | [NNQRKBBR](BoardAnalysis/nnqrkbbr.md) | 100            | 44.0% | 30.0% | 26.0% | 0.590
| 12 | [QBNNRKBR](BoardAnalysis/qbnnrkbr.md) | 100            | 46.0% | 25.0% | 29.0% | 0.585
| 22 | [NQBNRBKR](BoardAnalysis/nqbnrbkr.md) | 100            | 43.0% | 31.0% | 26.0% | 0.585
| 44 | [NBNQRKBR](BoardAnalysis/nbnqrkbr.md) | 100            | 44.0% | 28.0% | 28.0% | 0.580
| 58 | [NNRQBBKR](BoardAnalysis/nnrqbbkr.md) | 100            | 46.0% | 25.0% | 29.0% | 0.585
| 59 | [NNRQBKRB](BoardAnalysis/nnrqbkrb.md) | 100            | 41.0% | 34.0% | 25.0% | 0.580
| 86 | [NNBRKBRQ](BoardAnalysis/nnbrkbrq.md) | 100            | 43.0% | 31.0% | 26.0% | 0.585
| 3 | [BQNNRKRB](BoardAnalysis/bqnnrkrb.md) | 100            | 42.0% | 30.0% | 28.0% | 0.570
| 11 | [QNNRBKRB](BoardAnalysis/qnnrbkrb.md) | 100            | 42.0% | 31.0% | 27.0% | 0.575
| 42 | [NNQRBBKR](BoardAnalysis/nnqrbbkr.md) | 100            | 41.0% | 32.0% | 27.0% | 0.570
| 47 | [NNQRKRBB](BoardAnalysis/nnqrkrbb.md) | 100            | 38.0% | 38.0% | 24.0% | 0.570
| 63 | [NNRQKRBB](BoardAnalysis/nnrqkrbb.md) | 100            | 41.0% | 32.0% | 27.0% | 0.570
| 7 | [QNBNRKRB](BoardAnalysis/qnbnrkrb.md) | 100            | 43.0% | 26.0% | 31.0% | 0.560
| 14 | [QNNRKBBR](BoardAnalysis/qnnrkbbr.md) | 100            | 38.0% | 37.0% | 25.0% | 0.565
| 49 | [BNNBRQKR](BoardAnalysis/bnnbrqkr.md) | 100            | 39.0% | 34.0% | 27.0% | 0.560
| 55 | [NNBRQKRB](BoardAnalysis/nnbrqkrb.md) | 100            | 42.0% | 29.0% | 29.0% | 0.565
| 75 | [NNRKBQRB](BoardAnalysis/nnrkbqrb.md) | 100            | 41.0% | 31.0% | 28.0% | 0.565
| 77 | [NNRBKQBR](BoardAnalysis/nnrbkqbr.md) | 100            | 42.0% | 29.0% | 29.0% | 0.565
| 20 | [NBBQNRKR](BoardAnalysis/nbbqnrkr.md) | 100            | 36.0% | 38.0% | 26.0% | 0.550
| 25 | [NQNBBRKR](BoardAnalysis/nqnbbrkr.md) | 100            | 39.0% | 33.0% | 28.0% | 0.555
| 38 | [NNBQRBKR](BoardAnalysis/nnbqrbkr.md) | 100            | 36.0% | 38.0% | 26.0% | 0.550
| 45 | [NNQBRKBR](BoardAnalysis/nnqbrkbr.md) | 100            | 37.0% | 37.0% | 26.0% | 0.555
| 60 | [NBNRQKBR](BoardAnalysis/nbnrqkbr.md) | 100            | 35.0% | 40.0% | 25.0% | 0.550
| 24 | [NBQNBRKR](BoardAnalysis/nbqnbrkr.md) | 100            | 36.0% | 36.0% | 28.0% | 0.540
| 28 | [NBQNRKBR](BoardAnalysis/nbqnrkbr.md) | 100            | 36.0% | 36.0% | 28.0% | 0.540
| 30 | [NQNRKBBR](BoardAnalysis/nqnrkbbr.md) | 100            | 39.0% | 30.0% | 31.0% | 0.540
| 40 | [NBNQBRKR](BoardAnalysis/nbnqbrkr.md) | 100            | 40.0% | 28.0% | 32.0% | 0.540
| 51 | [BNNRQKRB](BoardAnalysis/bnnrqkrb.md) | 100            | 29.0% | 50.0% | 21.0% | 0.540
| 56 | [NBNRBQKR](BoardAnalysis/nbnrbqkr.md) | 100            | 37.0% | 35.0% | 28.0% | 0.545
| 65 | [BNNBRKQR](BoardAnalysis/bnnbrkqr.md) | 100            | 36.0% | 36.0% | 28.0% | 0.540
| 67 | [BNNRKQRB](BoardAnalysis/bnnrkqrb.md) | 100            | 39.0% | 30.0% | 31.0% | 0.540
| 69 | [NNBBRKQR](BoardAnalysis/nnbbrkqr.md) | 100            | 34.0% | 40.0% | 26.0% | 0.540
| 70 | [NNBRKBQR](BoardAnalysis/nnbrkbqr.md) | 100            | 42.0% | 24.0% | 34.0% | 0.540
| 73 | [NNRBBKQR](BoardAnalysis/nnrbbkqr.md) | 100            | 38.0% | 33.0% | 29.0% | 0.545
| 76 | [NBNRKQBR](BoardAnalysis/nbnrkqbr.md) | 100            | 41.0% | 26.0% | 33.0% | 0.540
| 79 | [NNRKQRBB](BoardAnalysis/nnrkqrbb.md) | 100            | 42.0% | 25.0% | 33.0% | 0.545
| 82 | [BNNRKBRQ](BoardAnalysis/bnnrkbrq.md) | 100            | 40.0% | 29.0% | 31.0% | 0.545
| 4 | [QBBNNRKR](BoardAnalysis/qbbnnrkr.md) | 100            | 41.0% | 25.0% | 34.0% | 0.535
| 9 | [QNNBBRKR](BoardAnalysis/qnnbbrkr.md) | 100            | 39.0% | 29.0% | 32.0% | 0.535
| 15 | [QNNRKRBB](BoardAnalysis/qnnrkrbb.md) | 100            | 39.0% | 28.0% | 33.0% | 0.530
| 17 | [BNQBNRKR](BoardAnalysis/bnqbnrkr.md) | 100            | 38.0% | 31.0% | 31.0% | 0.535
| 19 | [BNQNRKRB](BoardAnalysis/bnqnrkrb.md) | 100            | 33.0% | 41.0% | 26.0% | 0.535
| 21 | [NQBBNRKR](BoardAnalysis/nqbbnrkr.md) | 100            | 38.0% | 31.0% | 31.0% | 0.535
| 27 | [NQNRBKRB](BoardAnalysis/nqnrbkrb.md) | 100            | 34.0% | 38.0% | 28.0% | 0.530
| 32 | [BBNNQRKR](BoardAnalysis/bbnnqrkr.md) | 100            | 37.0% | 32.0% | 31.0% | 0.530
| 34 | [BNNQRBKR](BoardAnalysis/bnnqrbkr.md) | 100            | 37.0% | 33.0% | 30.0% | 0.535
| 35 | [BNNQRKRB](BoardAnalysis/bnnqrkrb.md) | 100            | 37.0% | 32.0% | 31.0% | 0.530
| 50 | [BNNRQBKR](BoardAnalysis/bnnrqbkr.md) | 100            | 41.0% | 24.0% | 35.0% | 0.530
| 52 | [NBBNRQKR](BoardAnalysis/nbbnrqkr.md) | 100            | 38.0% | 31.0% | 31.0% | 0.535
| 72 | [NBNRBKQR](BoardAnalysis/nbnrbkqr.md) | 100            | 41.0% | 25.0% | 34.0% | 0.535
| 81 | [BNNBRKRQ](BoardAnalysis/bnnbrkrq.md) | 100            | 42.0% | 23.0% | 35.0% | 0.535
| 84 | [NBBNRKRQ](BoardAnalysis/nbbnrkrq.md) | 100            | 41.0% | 25.0% | 34.0% | 0.535
| 2 | [BQNNRBKR](BoardAnalysis/bqnnrbkr.md) | 100            | 38.0% | 28.0% | 34.0% | 0.520
| 18 | [BNQNRBKR](BoardAnalysis/bnqnrbkr.md) | 100            | 38.0% | 29.0% | 33.0% | 0.525
| 48 | [BBNNRQKR](BoardAnalysis/bbnnrqkr.md) | 100            | 39.0% | 27.0% | 34.0% | 0.525
| 83 | [BNNRKRQB](BoardAnalysis/bnnrkrqb.md) | 100            | 41.0% | 22.0% | 37.0% | 0.520
| 85 | [NNBBRKRQ](BoardAnalysis/nnbbrkrq.md) | 100            | 40.0% | 25.0% | 35.0% | 0.525
| 8 | [QBNNBRKR](BoardAnalysis/qbnnbrkr.md) | 100            | 40.0% | 22.0% | 38.0% | 0.510
| 23 | [NQBNRKRB](BoardAnalysis/nqbnrkrb.md) | 100            | 33.0% | 37.0% | 30.0% | 0.515
| 33 | [BNNBQRKR](BoardAnalysis/bnnbqrkr.md) | 100            | 35.0% | 32.0% | 33.0% | 0.510
| 39 | [NNBQRKRB](BoardAnalysis/nnbqrkrb.md) | 100            | 34.0% | 34.0% | 32.0% | 0.510
| 43 | [NNQRBKRB](BoardAnalysis/nnqrbkrb.md) | 100            | 33.0% | 36.0% | 31.0% | 0.510
| 64 | [BBNNRKQR](BoardAnalysis/bbnnrkqr.md) | 100            | 38.0% | 26.0% | 36.0% | 0.510
| 78 | [NNRKQBBR](BoardAnalysis/nnrkqbbr.md) | 100            | 36.0% | 31.0% | 33.0% | 0.515
| 1 | [BQNBNRKR](BoardAnalysis/bqnbnrkr.md) | 100            | 35.0% | 31.0% | 34.0% | 0.505
| 5 | [QNBBNRKR](BoardAnalysis/qnbbnrkr.md) | 100            | 40.0% | 20.0% | 40.0% | 0.500
| 10 | [QNNRBBKR](BoardAnalysis/qnnrbbkr.md) | 100            | 31.0% | 39.0% | 30.0% | 0.505
| 13 | [QNNBRKBR](BoardAnalysis/qnnbrkbr.md) | 100            | 32.0% | 36.0% | 32.0% | 0.500
| 16 | [BBNQNRKR](BoardAnalysis/bbnqnrkr.md) | 100            | 35.0% | 31.0% | 34.0% | 0.505
| 57 | [NNRBBQKR](BoardAnalysis/nnrbbqkr.md) | 100            | 34.0% | 32.0% | 34.0% | 0.500
| 66 | [BNNRKBQR](BoardAnalysis/bnnrkbqr.md) | 100            | 33.0% | 34.0% | 33.0% | 0.500
| 74 | [NNRKBBQR](BoardAnalysis/nnrkbbqr.md) | 100            | 36.0% | 29.0% | 35.0% | 0.505
| 36 | [NBBNQRKR](BoardAnalysis/nbbnqrkr.md) | 100            | 34.0% | 31.0% | 35.0% | 0.495
| 68 | [NBBNRKQR](BoardAnalysis/nbbnrkqr.md) | 100            | 32.0% | 35.0% | 33.0% | 0.495
| 0 | [BBQNNRKR](BoardAnalysis/bbqnnrkr.md) | 100            | 35.0% | 26.0% | 39.0% | 0.480
| 29 | [NQNBRKBR](BoardAnalysis/nqnbrkbr.md) | 100            | 32.0% | 33.0% | 35.0% | 0.485
| 41 | [NNQBBRKR](BoardAnalysis/nnqbbrkr.md) | 100            | 34.0% | 29.0% | 37.0% | 0.485
| 37 | [NNBBQRKR](BoardAnalysis/nnbbqrkr.md) | 100            | 28.0% | 37.0% | 35.0% | 0.465
