# Opening Analysis for Chess960: Results

We provide the same list twice, first sorted by [board name](#sorted-by-board-name), and then sorted by [advantage for white](#sorted-by-advantage-for-white).

## Sorted by board name

| Index | Board                            | # Played Matches        | White           | Draw           | Black           | Average points for White |
|:-----:|----------------------------------|:-----------------------:|:---------------:|:--------------:|:---------------:|:------------------------:|
| 1 | [BBNNQRKR](BoardAnalysis/bbnnqrkr.md) | 50            | 32.0% | 36.0% | 32.0% | 50.0
| 2 | [BBNNRKQR](BoardAnalysis/bbnnrkqr.md) | 50            | 34.0% | 30.0% | 36.0% | 49.0
| 3 | [BBNNRKRQ](BoardAnalysis/bbnnrkrq.md) | 50            | 46.0% | 26.0% | 28.0% | 59.0
| 4 | [BBNNRQKR](BoardAnalysis/bbnnrqkr.md) | 50            | 34.0% | 24.0% | 42.0% | 46.0
| 5 | [BBNQNRKR](BoardAnalysis/bbnqnrkr.md) | 50            | 36.0% | 24.0% | 40.0% | 48.0
| 6 | [BBNQRKNR](BoardAnalysis/bbnqrknr.md) | 50            | 36.0% | 38.0% | 26.0% | 55.0
| 7 | [BBNQRKRN](BoardAnalysis/bbnqrkrn.md) | 50            | 56.0% | 22.0% | 22.0% | 67.0
| 8 | [BBNQRNKR](BoardAnalysis/bbnqrnkr.md) | 50            | 58.0% | 14.0% | 28.0% | 65.0
| 9 | [BBNRKNQR](BoardAnalysis/bbnrknqr.md) | 50            | 24.0% | 38.0% | 38.0% | 43.0
| 10 | [BBNRKNRQ](BoardAnalysis/bbnrknrq.md) | 50            | 38.0% | 24.0% | 38.0% | 50.0
| 11 | [BBNRKQNR](BoardAnalysis/bbnrkqnr.md) | 50            | 50.0% | 26.0% | 24.0% | 63.0
| 12 | [BBNRKQRN](BoardAnalysis/bbnrkqrn.md) | 50            | 44.0% | 22.0% | 34.0% | 55.0
| 13 | [BBNRKRNQ](BoardAnalysis/bbnrkrnq.md) | 50            | 54.0% | 20.0% | 26.0% | 64.0
| 14 | [BBNRKRQN](BoardAnalysis/bbnrkrqn.md) | 50            | 42.0% | 32.0% | 26.0% | 58.0
| 15 | [BBNRNKQR](BoardAnalysis/bbnrnkqr.md) | 50            | 48.0% | 18.0% | 34.0% | 57.0
| 16 | [BBNRNKRQ](BoardAnalysis/bbnrnkrq.md) | 50            | 46.0% | 36.0% | 18.0% | 64.0
| 17 | [BBNRNQKR](BoardAnalysis/bbnrnqkr.md) | 50            | 42.0% | 30.0% | 28.0% | 57.0
| 18 | [BBNRQKNR](BoardAnalysis/bbnrqknr.md) | 50            | 40.0% | 28.0% | 32.0% | 54.0
| 19 | [BBNRQKRN](BoardAnalysis/bbnrqkrn.md) | 50            | 44.0% | 30.0% | 26.0% | 59.0
| 20 | [BBNRQNKR](BoardAnalysis/bbnrqnkr.md) | 50            | 38.0% | 32.0% | 30.0% | 54.0

----
# Sorted by Advantage for White

| Index | Board                            | # Played Matches        | White           | Draw           | Black           | Average points for White |
|:-----:|----------------------------------|:-----------------------:|:---------------:|:--------------:|:---------------:|:------------------------:|
| 7 | [BBNQRKRN](BoardAnalysis/bbnqrkrn.md) | 50            | 56.0% | 22.0% | 22.0% | 67.0
| 8 | [BBNQRNKR](BoardAnalysis/bbnqrnkr.md) | 50            | 58.0% | 14.0% | 28.0% | 65.0
| 13 | [BBNRKRNQ](BoardAnalysis/bbnrkrnq.md) | 50            | 54.0% | 20.0% | 26.0% | 64.0
| 16 | [BBNRNKRQ](BoardAnalysis/bbnrnkrq.md) | 50            | 46.0% | 36.0% | 18.0% | 64.0
| 11 | [BBNRKQNR](BoardAnalysis/bbnrkqnr.md) | 50            | 50.0% | 26.0% | 24.0% | 63.0
| 3 | [BBNNRKRQ](BoardAnalysis/bbnnrkrq.md) | 50            | 46.0% | 26.0% | 28.0% | 59.0
| 19 | [BBNRQKRN](BoardAnalysis/bbnrqkrn.md) | 50            | 44.0% | 30.0% | 26.0% | 59.0
| 14 | [BBNRKRQN](BoardAnalysis/bbnrkrqn.md) | 50            | 42.0% | 32.0% | 26.0% | 58.0
| 15 | [BBNRNKQR](BoardAnalysis/bbnrnkqr.md) | 50            | 48.0% | 18.0% | 34.0% | 57.0
| 17 | [BBNRNQKR](BoardAnalysis/bbnrnqkr.md) | 50            | 42.0% | 30.0% | 28.0% | 57.0
| 6 | [BBNQRKNR](BoardAnalysis/bbnqrknr.md) | 50            | 36.0% | 38.0% | 26.0% | 55.0
| 12 | [BBNRKQRN](BoardAnalysis/bbnrkqrn.md) | 50            | 44.0% | 22.0% | 34.0% | 55.0
| 18 | [BBNRQKNR](BoardAnalysis/bbnrqknr.md) | 50            | 40.0% | 28.0% | 32.0% | 54.0
| 20 | [BBNRQNKR](BoardAnalysis/bbnrqnkr.md) | 50            | 38.0% | 32.0% | 30.0% | 54.0
| 1 | [BBNNQRKR](BoardAnalysis/bbnnqrkr.md) | 50            | 32.0% | 36.0% | 32.0% | 50.0
| 10 | [BBNRKNRQ](BoardAnalysis/bbnrknrq.md) | 50            | 38.0% | 24.0% | 38.0% | 50.0
| 2 | [BBNNRKQR](BoardAnalysis/bbnnrkqr.md) | 50            | 34.0% | 30.0% | 36.0% | 49.0
| 5 | [BBNQNRKR](BoardAnalysis/bbnqnrkr.md) | 50            | 36.0% | 24.0% | 40.0% | 48.0
| 4 | [BBNNRQKR](BoardAnalysis/bbnnrqkr.md) | 50            | 34.0% | 24.0% | 42.0% | 46.0
| 9 | [BBNRKNQR](BoardAnalysis/bbnrknqr.md) | 50            | 24.0% | 38.0% | 38.0% | 43.0
