# Opening Analysis for Chess960: Results

| Board                            | # Played Matches        | White           | Draw           | Black           |
|----------------------------------|:-----------------------:|:---------------:|:--------------:|:---------------:|
| [BBNNQRKR](BoardAnalysis/bbnnqrkr.md) | 19700            | 37.3% | 45.0% | 17.7% |
| [BBNNRKQR](BoardAnalysis/bbnnrkqr.md) | 19709            | 31.5% | 48.8% | 19.7% |
| [BBNNRKRQ](BoardAnalysis/bbnnrkrq.md) | 19690            | 40.4% | 41.8% | 17.8% |
| [BBNNRQKR](BoardAnalysis/bbnnrqkr.md) | 19700            | 30.1% | 49.1% | 20.9% |
| [BBNQNRKR](BoardAnalysis/bbnqnrkr.md) | 19690            | 30.0% | 50.3% | 19.8% |
| [BBNQRKNR](BoardAnalysis/bbnqrknr.md) | 19700            | 28.8% | 51.7% | 19.5% |
| [BBNQRKRN](BoardAnalysis/bbnqrkrn.md) | 19690            | 23.6% | 56.8% | 19.6% |
| [BBNQRNKR](BoardAnalysis/bbnqrnkr.md) | 19700            | 27.8% | 50.6% | 21.5% |
| [BBNRKNQR](BoardAnalysis/bbnrknqr.md) | 19680            | 29.2% | 50.6% | 20.2% |
| [BBNRKNRQ](BoardAnalysis/bbnrknrq.md) | 19690            | 31.4% | 46.2% | 22.4% |
| [BBNRKQNR](BoardAnalysis/bbnrkqnr.md) | 19690            | 23.8% | 55.6% | 20.5% |
| [BBNRKQRN](BoardAnalysis/bbnrkqrn.md) | 19690            | 33.4% | 49.9% | 16.8% |
| [BBNRKRNQ](BoardAnalysis/bbnrkrnq.md) | 19680            | 40.4% | 42.8% | 16.8% |
| [BBNRKRQN](BoardAnalysis/bbnrkrqn.md) | 19670            | 27.1% | 54.6% | 18.4% |
| [BBNRNKQR](BoardAnalysis/bbnrnkqr.md) | 19690            | 31.8% | 49.3% | 18.9% |
| [BBNRNKRQ](BoardAnalysis/bbnrnkrq.md) | 19690            | 35.6% | 45.6% | 18.8% |
| [BBNRNQKR](BoardAnalysis/bbnrnqkr.md) | 19707            | 29.2% | 52.1% | 18.8% |
| [BBNRQKNR](BoardAnalysis/bbnrqknr.md) | 19707            | 30.2% | 51.8% | 18.0% |
| [BBNRQKRN](BoardAnalysis/bbnrqkrn.md) | 19670            | 22.7% | 57.7% | 19.6% |
| [BBNRQNKR](BoardAnalysis/bbnrqnkr.md) | 19700            | 31.8% | 49.6% | 18.6% |
| [BBQNNRKR](BoardAnalysis/bbqnnrkr.md) | 19618            | 23.5% | 56.9% | 19.6% |
| [BBQNRKNR](BoardAnalysis/bbqnrknr.md) | 19700            | 26.2% | 50.6% | 23.2% |
| [BBQNRKRN](BoardAnalysis/bbqnrkrn.md) | 19680            | 31.2% | 48.7% | 20.1% |
| [BBQNRNKR](BoardAnalysis/bbqnrnkr.md) | 19690            | 30.9% | 49.4% | 19.7% |
| [BBQRKNNR](BoardAnalysis/bbqrknnr.md) | 19630            | 26.4% | 54.9% | 18.7% |
| [BBQRKNRN](BoardAnalysis/bbqrknrn.md) | 19620            | 29.7% | 49.7% | 20.5% |
| [BBQRKRNN](BoardAnalysis/bbqrkrnn.md) | 19620            | 31.2% | 51.7% | 17.1% |
| [BBQRNKNR](BoardAnalysis/bbqrnknr.md) | 19650            | 27.3% | 54.1% | 18.6% |
| [BBQRNKRN](BoardAnalysis/bbqrnkrn.md) | 19640            | 18.7% | 65.8% | 15.5% |
| [BBQRNNKR](BoardAnalysis/bbqrnnkr.md) | 19670            | 28.2% | 51.6% | 20.2% |
| [BBRKNNQR](BoardAnalysis/bbrknnqr.md) | 19620            | 27.1% | 55.9% | 17.0% |
| [BBRKNNRQ](BoardAnalysis/bbrknnrq.md) | 19620            | 37.0% | 45.3% | 17.7% |
| [BBRKNQNR](BoardAnalysis/bbrknqnr.md) | 19630            | 26.0% | 53.8% | 20.2% |
| [BBRKNQRN](BoardAnalysis/bbrknqrn.md) | 19620            | 27.7% | 55.3% | 17.0% |
| [BBRKNRNQ](BoardAnalysis/bbrknrnq.md) | 19620            | 38.1% | 45.5% | 16.4% |
| [BBRKNRQN](BoardAnalysis/bbrknrqn.md) | 19620            | 23.9% | 54.9% | 21.2% |
| [BBRKQNNR](BoardAnalysis/bbrkqnnr.md) | 19630            | 29.1% | 52.5% | 18.4% |
| [BBRKQNRN](BoardAnalysis/bbrkqnrn.md) | 19610            | 30.2% | 49.7% | 20.1% |
| [BBRKQRNN](BoardAnalysis/bbrkqrnn.md) | 19620            | 26.8% | 54.1% | 19.1% |
| [BBRKRNNQ](BoardAnalysis/bbrkrnnq.md) | 19630            | 37.6% | 47.3% | 15.1% |
| [BBRKRNQN](BoardAnalysis/bbrkrnqn.md) | 19630            | 25.9% | 54.4% | 19.7% |
| [BBRKRQNN](BoardAnalysis/bbrkrqnn.md) | 19630            | 26.8% | 55.8% | 17.4% |
| [BBRNKNQR](BoardAnalysis/bbrnknqr.md) | 19640            | 26.8% | 51.0% | 22.2% |
| [BBRNKNRQ](BoardAnalysis/bbrnknrq.md) | 19640            | 37.2% | 45.7% | 17.1% |
| [BBRNKQNR](BoardAnalysis/bbrnkqnr.md) | 19640            | 24.0% | 55.2% | 20.8% |
| [BBRNKQRN](BoardAnalysis/bbrnkqrn.md) | 19640            | 23.7% | 56.3% | 20.1% |
| [BBRNKRNQ](BoardAnalysis/bbrnkrnq.md) | 19630            | 25.5% | 53.7% | 20.8% |
| [BBRNKRQN](BoardAnalysis/bbrnkrqn.md) | 19630            | 29.9% | 52.1% | 17.9% |
| [BBRNNKQR](BoardAnalysis/bbrnnkqr.md) | 19650            | 26.8% | 52.9% | 20.3% |
| [BBRNNKRQ](BoardAnalysis/bbrnnkrq.md) | 19680            | 28.9% | 48.7% | 22.4% |
| [BBRNNQKR](BoardAnalysis/bbrnnqkr.md) | 19680            | 25.1% | 53.1% | 21.7% |
| [BBRNQKNR](BoardAnalysis/bbrnqknr.md) | 19640            | 24.1% | 55.6% | 20.3% |
| [BBRNQKRN](BoardAnalysis/bbrnqkrn.md) | 19640            | 37.8% | 44.1% | 18.0% |
| [BBRNQNKR](BoardAnalysis/bbrnqnkr.md) | 19660            | 31.4% | 47.4% | 21.2% |
| [BBRQKNNR](BoardAnalysis/bbrqknnr.md) | 19630            | 26.3% | 52.6% | 21.1% |
| [BBRQKNRN](BoardAnalysis/bbrqknrn.md) | 19620            | 36.0% | 46.5% | 17.5% |
| [BBRQKRNN](BoardAnalysis/bbrqkrnn.md) | 19610            | 39.6% | 44.7% | 15.7% |
| [BBRQNKNR](BoardAnalysis/bbrqnknr.md) | 19640            | 28.2% | 50.2% | 21.7% |
| [BBRQNKRN](BoardAnalysis/bbrqnkrn.md) | 19640            | 32.5% | 49.6% | 17.9% |
| [BBRQNNKR](BoardAnalysis/bbrqnnkr.md) | 19680            | 23.9% | 54.9% | 21.2% |
| [BNNBQRKR](BoardAnalysis/bnnbqrkr.md) | 19697            | 30.1% | 50.1% | 19.8% |
| [BNNBRKQR](BoardAnalysis/bnnbrkqr.md) | 19700            | 30.4% | 52.0% | 17.6% |
| [BNNBRKRQ](BoardAnalysis/bnnbrkrq.md) | 19710            | 31.7% | 50.6% | 17.7% |
| [BNNBRQKR](BoardAnalysis/bnnbrqkr.md) | 19700            | 27.3% | 54.0% | 18.7% |
| [BNNQRBKR](BoardAnalysis/bnnqrbkr.md) | 19690            | 23.3% | 56.7% | 20.0% |
| [BNNQRKRB](BoardAnalysis/bnnqrkrb.md) | 19690            | 23.2% | 58.4% | 18.4% |
| [BNNRKBQR](BoardAnalysis/bnnrkbqr.md) | 19700            | 25.5% | 53.9% | 20.7% |
| [BNNRKBRQ](BoardAnalysis/bnnrkbrq.md) | 19710            | 34.8% | 46.3% | 18.9% |
| [BNNRKQRB](BoardAnalysis/bnnrkqrb.md) | 19700            | 24.3% | 57.1% | 18.6% |
| [BNNRKRQB](BoardAnalysis/bnnrkrqb.md) | 19710            | 27.5% | 55.4% | 17.1% |
| [BNNRQBKR](BoardAnalysis/bnnrqbkr.md) | 19700            | 33.8% | 49.3% | 16.8% |
| [BNNRQKRB](BoardAnalysis/bnnrqkrb.md) | 19700            | 22.6% | 59.4% | 18.0% |
| [BNQBNRKR](BoardAnalysis/bnqbnrkr.md) | 19690            | 24.4% | 53.2% | 22.4% |
| [BNQBRKNR](BoardAnalysis/bnqbrknr.md) | 19700            | 26.1% | 53.8% | 20.2% |
| [BNQBRKRN](BoardAnalysis/bnqbrkrn.md) | 19690            | 30.6% | 50.3% | 19.1% |
| [BNQBRNKR](BoardAnalysis/bnqbrnkr.md) | 19700            | 28.4% | 52.8% | 18.8% |
| [BNQNRBKR](BoardAnalysis/bnqnrbkr.md) | 19690            | 30.5% | 51.9% | 17.6% |
| [BNQNRKRB](BoardAnalysis/bnqnrkrb.md) | 19690            | 24.4% | 57.1% | 18.5% |
| [BNQRKBNR](BoardAnalysis/bnqrkbnr.md) | 19700            | 21.6% | 60.1% | 18.3% |
| [BNQRKBRN](BoardAnalysis/bnqrkbrn.md) | 19690            | 26.7% | 55.6% | 17.7% |
| [BNQRKNRB](BoardAnalysis/bnqrknrb.md) | 19700            | 22.3% | 59.6% | 18.1% |
| [BNQRKRNB](BoardAnalysis/bnqrkrnb.md) | 19690            | 24.1% | 59.1% | 16.8% |
| [BNQRNBKR](BoardAnalysis/bnqrnbkr.md) | 19700            | 30.7% | 51.9% | 17.4% |
| [BNQRNKRB](BoardAnalysis/bnqrnkrb.md) | 19691            | 23.0% | 59.4% | 17.6% |
| [BNRBKNQR](BoardAnalysis/bnrbknqr.md) | 19680            | 25.7% | 53.0% | 21.3% |
| [BNRBKNRQ](BoardAnalysis/bnrbknrq.md) | 19690            | 29.0% | 52.4% | 18.6% |
| [BNRBKQNR](BoardAnalysis/bnrbkqnr.md) | 19690            | 27.4% | 52.8% | 19.8% |
| [BNRBKQRN](BoardAnalysis/bnrbkqrn.md) | 19690            | 23.8% | 59.3% | 17.0% |
| [BNRBKRNQ](BoardAnalysis/bnrbkrnq.md) | 19680            | 27.7% | 52.9% | 19.4% |
| [BNRBKRQN](BoardAnalysis/bnrbkrqn.md) | 19670            | 27.4% | 55.7% | 16.9% |
| [BNRBNKQR](BoardAnalysis/bnrbnkqr.md) | 19710            | 24.7% | 54.4% | 20.9% |
| [BNRBNKRQ](BoardAnalysis/bnrbnkrq.md) | 19690            | 33.5% | 49.6% | 16.9% |
| [BNRBNQKR](BoardAnalysis/bnrbnqkr.md) | 19700            | 27.5% | 54.7% | 17.8% |
| [BNRBQKNR](BoardAnalysis/bnrbqknr.md) | 19700            | 23.3% | 54.6% | 22.1% |
| [BNRBQKRN](BoardAnalysis/bnrbqkrn.md) | 19670            | 26.7% | 51.5% | 21.8% |
| [BNRBQNKR](BoardAnalysis/bnrbqnkr.md) | 19700            | 28.2% | 51.5% | 20.3% |
| [BNRKNBQR](BoardAnalysis/bnrknbqr.md) | 19680            | 25.9% | 53.7% | 20.4% |
| [BNRKNBRQ](BoardAnalysis/bnrknbrq.md) | 19690            | 30.7% | 50.9% | 18.3% |
| [BNRKNQRB](BoardAnalysis/bnrknqrb.md) | 19680            | 24.3% | 55.8% | 19.9% |
| [BNRKNRQB](BoardAnalysis/bnrknrqb.md) | 19690            | 20.2% | 62.6% | 17.3% |
| [BNRKQBNR](BoardAnalysis/bnrkqbnr.md) | 19690            | 25.1% | 56.0% | 18.9% |
| [BNRKQBRN](BoardAnalysis/bnrkqbrn.md) | 19680            | 23.7% | 58.1% | 18.3% |
| [BNRKQNRB](BoardAnalysis/bnrkqnrb.md) | 19690            | 27.0% | 55.4% | 17.6% |
| [BNRKQRNB](BoardAnalysis/bnrkqrnb.md) | 19680            | 23.5% | 57.0% | 19.5% |
| [BNRKRBNQ](BoardAnalysis/bnrkrbnq.md) | 19680            | 26.9% | 55.1% | 18.0% |
| [BNRKRBQN](BoardAnalysis/bnrkrbqn.md) | 19670            | 27.2% | 56.0% | 16.8% |
| [BNRKRNQB](BoardAnalysis/bnrkrnqb.md) | 19680            | 22.9% | 58.5% | 18.6% |
| [BNRKRQNB](BoardAnalysis/bnrkrqnb.md) | 19670            | 24.5% | 56.7% | 18.8% |
| [BNRNKBQR](BoardAnalysis/bnrnkbqr.md) | 19710            | 27.4% | 53.3% | 19.2% |
| [BNRNKBRQ](BoardAnalysis/bnrnkbrq.md) | 19690            | 33.1% | 48.4% | 18.4% |
| [BNRNKQRB](BoardAnalysis/bnrnkqrb.md) | 19710            | 25.7% | 54.9% | 19.4% |
| [BNRNKRQB](BoardAnalysis/bnrnkrqb.md) | 19690            | 25.5% | 53.3% | 21.2% |
| [BNRNQBKR](BoardAnalysis/bnrnqbkr.md) | 19700            | 30.5% | 51.3% | 18.1% |
| [BNRNQKRB](BoardAnalysis/bnrnqkrb.md) | 19700            | 27.1% | 55.5% | 17.5% |
| [BNRQKBNR](BoardAnalysis/bnrqkbnr.md) | 19700            | 19.1% | 63.9% | 17.0% |
| [BNRQKBRN](BoardAnalysis/bnrqkbrn.md) | 19670            | 27.2% | 54.9% | 17.9% |
| [BNRQKNRB](BoardAnalysis/bnrqknrb.md) | 19700            | 25.3% | 55.8% | 18.9% |
| [BNRQKRNB](BoardAnalysis/bnrqkrnb.md) | 19660            | 22.5% | 59.1% | 18.4% |
| [BNRQNBKR](BoardAnalysis/bnrqnbkr.md) | 19700            | 22.2% | 57.6% | 20.2% |
| [BNRQNKRB](BoardAnalysis/bnrqnkrb.md) | 19700            | 23.5% | 57.9% | 18.6% |
| [BQNBNRKR](BoardAnalysis/bqnbnrkr.md) | 19716            | 25.9% | 52.0% | 22.1% |
| [BQNBRKNR](BoardAnalysis/bqnbrknr.md) | 19698            | 31.8% | 48.8% | 19.4% |
| [BQNBRKRN](BoardAnalysis/bqnbrkrn.md) | 19680            | 33.2% | 48.7% | 18.1% |
| [BQNBRNKR](BoardAnalysis/bqnbrnkr.md) | 19690            | 27.5% | 51.1% | 21.4% |
| [BQNNRBKR](BoardAnalysis/bqnnrbkr.md) | 19716            | 27.6% | 53.1% | 19.3% |
| [BQNNRKRB](BoardAnalysis/bqnnrkrb.md) | 19716            | 26.0% | 56.1% | 17.9% |
| [BQNRKBNR](BoardAnalysis/bqnrkbnr.md) | 19690            | 21.9% | 59.1% | 19.1% |
| [BQNRKBRN](BoardAnalysis/bqnrkbrn.md) | 19680            | 30.1% | 50.9% | 19.0% |
| [BQNRKNRB](BoardAnalysis/bqnrknrb.md) | 19690            | 22.8% | 56.3% | 20.9% |
| [BQNRKRNB](BoardAnalysis/bqnrkrnb.md) | 19680            | 20.4% | 61.0% | 18.7% |
| [BQNRNBKR](BoardAnalysis/bqnrnbkr.md) | 19690            | 26.3% | 53.4% | 20.3% |
| [BQNRNKRB](BoardAnalysis/bqnrnkrb.md) | 19690            | 23.1% | 59.4% | 17.5% |
| [BQRBKNNR](BoardAnalysis/bqrbknnr.md) | 19630            | 24.7% | 56.4% | 19.0% |
| [BQRBKNRN](BoardAnalysis/bqrbknrn.md) | 19620            | 38.5% | 44.1% | 17.4% |
| [BQRBKRNN](BoardAnalysis/bqrbkrnn.md) | 19620            | 23.0% | 59.3% | 17.7% |
| [BQRBNKNR](BoardAnalysis/bqrbnknr.md) | 19640            | 21.5% | 59.8% | 18.7% |
| [BQRBNKRN](BoardAnalysis/bqrbnkrn.md) | 19640            | 25.4% | 56.2% | 18.4% |
| [BQRBNNKR](BoardAnalysis/bqrbnnkr.md) | 19670            | 25.3% | 55.4% | 19.3% |
| [BQRKNBNR](BoardAnalysis/bqrknbnr.md) | 19630            | 22.4% | 56.6% | 20.9% |
| [BQRKNBRN](BoardAnalysis/bqrknbrn.md) | 19620            | 27.2% | 53.7% | 19.1% |
| [BQRKNNRB](BoardAnalysis/bqrknnrb.md) | 19630            | 18.9% | 65.5% | 15.6% |
| [BQRKNRNB](BoardAnalysis/bqrknrnb.md) | 19620            | 23.5% | 57.6% | 18.9% |
| [BQRKRBNN](BoardAnalysis/bqrkrbnn.md) | 19620            | 28.6% | 51.1% | 20.3% |
| [BQRKRNNB](BoardAnalysis/bqrkrnnb.md) | 19620            | 26.4% | 55.4% | 18.3% |
| [BQRNKBNR](BoardAnalysis/bqrnkbnr.md) | 19640            | 24.7% | 55.3% | 20.0% |
| [BQRNKBRN](BoardAnalysis/bqrnkbrn.md) | 19640            | 35.7% | 48.4% | 15.9% |
| [BQRNKNRB](BoardAnalysis/bqrnknrb.md) | 19640            | 21.4% | 62.6% | 16.0% |
| [BQRNKRNB](BoardAnalysis/bqrnkrnb.md) | 19640            | 18.7% | 66.7% | 14.6% |
| [BQRNNBKR](BoardAnalysis/bqrnnbkr.md) | 19670            | 24.3% | 54.2% | 21.5% |
| [BQRNNKRB](BoardAnalysis/bqrnnkrb.md) | 19664            | 23.0% | 59.4% | 17.7% |
| [BRKBNNQR](BoardAnalysis/brkbnnqr.md) | 19620            | 26.3% | 54.2% | 19.4% |
| [BRKBNNRQ](BoardAnalysis/brkbnnrq.md) | 19620            | 23.8% | 56.3% | 19.9% |
| [BRKBNQNR](BoardAnalysis/brkbnqnr.md) | 19630            | 29.3% | 51.9% | 18.8% |
| [BRKBNQRN](BoardAnalysis/brkbnqrn.md) | 19620            | 25.8% | 55.9% | 18.3% |
| [BRKBNRNQ](BoardAnalysis/brkbnrnq.md) | 19620            | 28.5% | 54.0% | 17.6% |
| [BRKBNRQN](BoardAnalysis/brkbnrqn.md) | 19620            | 23.8% | 59.5% | 16.6% |
| [BRKBQNNR](BoardAnalysis/brkbqnnr.md) | 19630            | 28.6% | 52.2% | 19.2% |
| [BRKBQNRN](BoardAnalysis/brkbqnrn.md) | 19630            | 24.9% | 55.8% | 19.3% |
| [BRKBQRNN](BoardAnalysis/brkbqrnn.md) | 19619            | 31.7% | 52.9% | 15.4% |
| [BRKBRNNQ](BoardAnalysis/brkbrnnq.md) | 19628            | 30.7% | 53.6% | 15.7% |
| [BRKBRNQN](BoardAnalysis/brkbrnqn.md) | 19630            | 24.5% | 57.2% | 18.4% |
| [BRKBRQNN](BoardAnalysis/brkbrqnn.md) | 19630            | 25.4% | 55.1% | 19.5% |
| [BRKNNBQR](BoardAnalysis/brknnbqr.md) | 19620            | 26.4% | 55.4% | 18.2% |
| [BRKNNBRQ](BoardAnalysis/brknnbrq.md) | 19620            | 26.1% | 55.6% | 18.2% |
| [BRKNNQRB](BoardAnalysis/brknnqrb.md) | 19617            | 24.1% | 58.6% | 17.3% |
| [BRKNNRQB](BoardAnalysis/brknnrqb.md) | 19620            | 21.8% | 61.5% | 16.7% |
| [BRKNQBNR](BoardAnalysis/brknqbnr.md) | 19630            | 32.1% | 49.9% | 18.0% |
| [BRKNQBRN](BoardAnalysis/brknqbrn.md) | 19615            | 28.5% | 51.7% | 19.8% |
| [BRKNQNRB](BoardAnalysis/brknqnrb.md) | 19629            | 24.9% | 55.5% | 19.6% |
| [BRKNQRNB](BoardAnalysis/brknqrnb.md) | 19610            | 24.9% | 57.6% | 17.6% |
| [BRKNRBNQ](BoardAnalysis/brknrbnq.md) | 19620            | 28.4% | 51.2% | 20.4% |
| [BRKNRBQN](BoardAnalysis/brknrbqn.md) | 19620            | 24.6% | 56.9% | 18.5% |
| [BRKNRNQB](BoardAnalysis/brknrnqb.md) | 19620            | 28.4% | 54.7% | 16.9% |
| [BRKNRQNB](BoardAnalysis/brknrqnb.md) | 19620            | 23.5% | 57.7% | 18.8% |
| [BRKQNBNR](BoardAnalysis/brkqnbnr.md) | 19640            | 30.4% | 50.9% | 18.7% |
| [BRKQNBRN](BoardAnalysis/brkqnbrn.md) | 19624            | 25.0% | 53.8% | 21.3% |
| [BRKQNNRB](BoardAnalysis/brkqnnrb.md) | 19640            | 27.9% | 53.8% | 18.2% |
| [BRKQNRNB](BoardAnalysis/brkqnrnb.md) | 19620            | 27.9% | 52.9% | 19.2% |
| [BRKQRBNN](BoardAnalysis/brkqrbnn.md) | 19610            | 32.0% | 52.2% | 15.7% |
| [BRKQRNNB](BoardAnalysis/brkqrnnb.md) | 19610            | 24.9% | 57.6% | 17.5% |
| [BRKRNBNQ](BoardAnalysis/brkrnbnq.md) | 19630            | 28.9% | 52.1% | 19.1% |
| [BRKRNBQN](BoardAnalysis/brkrnbqn.md) | 19625            | 22.3% | 61.2% | 16.5% |
| [BRKRNNQB](BoardAnalysis/brkrnnqb.md) | 19630            | 23.8% | 58.1% | 18.1% |
| [BRKRNQNB](BoardAnalysis/brkrnqnb.md) | 19630            | 23.7% | 56.6% | 19.7% |
| [BRKRQBNN](BoardAnalysis/brkrqbnn.md) | 19630            | 24.5% | 57.5% | 18.1% |
| [BRKRQNNB](BoardAnalysis/brkrqnnb.md) | 19629            | 23.6% | 59.6% | 16.8% |
| [BRNBKNQR](BoardAnalysis/brnbknqr.md) | 19640            | 27.3% | 50.5% | 22.2% |
| [BRNBKNRQ](BoardAnalysis/brnbknrq.md) | 19640            | 27.0% | 55.4% | 17.6% |
| [BRNBKQNR](BoardAnalysis/brnbkqnr.md) | 19640            | 28.7% | 52.0% | 19.3% |
| [BRNBKQRN](BoardAnalysis/brnbkqrn.md) | 19633            | 27.8% | 54.5% | 17.7% |
| [BRNBKRNQ](BoardAnalysis/brnbkrnq.md) | 19630            | 27.0% | 52.0% | 20.9% |
| [BRNBKRQN](BoardAnalysis/brnbkrqn.md) | 19630            | 24.3% | 57.3% | 18.4% |
| [BRNBNKQR](BoardAnalysis/brnbnkqr.md) | 19650            | 24.9% | 55.1% | 20.0% |
| [BRNBNKRQ](BoardAnalysis/brnbnkrq.md) | 19680            | 34.5% | 48.0% | 17.6% |
| [BRNBNQKR](BoardAnalysis/brnbnqkr.md) | 19680            | 26.1% | 55.1% | 18.8% |
| [BRNBQKNR](BoardAnalysis/brnbqknr.md) | 19640            | 26.2% | 53.3% | 20.6% |
| [BRNBQKRN](BoardAnalysis/brnbqkrn.md) | 19638            | 28.1% | 51.4% | 20.6% |
| [BRNBQNKR](BoardAnalysis/brnbqnkr.md) | 19660            | 26.6% | 54.5% | 18.8% |
| [BRNKNBQR](BoardAnalysis/brnknbqr.md) | 19640            | 25.9% | 52.9% | 21.2% |
| [BRNKNBRQ](BoardAnalysis/brnknbrq.md) | 19640            | 28.3% | 53.1% | 18.6% |
| [BRNKNQRB](BoardAnalysis/brnknqrb.md) | 19640            | 23.4% | 58.5% | 18.1% |
| [BRNKNRQB](BoardAnalysis/brnknrqb.md) | 19640            | 18.3% | 65.0% | 16.8% |
| [BRNKQBNR](BoardAnalysis/brnkqbnr.md) | 19640            | 28.6% | 52.2% | 19.3% |
| [BRNKQBRN](BoardAnalysis/brnkqbrn.md) | 19630            | 28.1% | 52.9% | 19.0% |
| [BRNKQNRB](BoardAnalysis/brnkqnrb.md) | 19640            | 23.8% | 57.1% | 19.1% |
| [BRNKQRNB](BoardAnalysis/brnkqrnb.md) | 19630            | 23.8% | 57.5% | 18.7% |
| [BRNKRBNQ](BoardAnalysis/brnkrbnq.md) | 19630            | 29.9% | 51.0% | 19.1% |
| [BRNKRBQN](BoardAnalysis/brnkrbqn.md) | 19630            | 23.5% | 59.8% | 16.7% |
| [BRNKRNQB](BoardAnalysis/brnkrnqb.md) | 19630            | 21.9% | 58.3% | 19.9% |
| [BRNKRQNB](BoardAnalysis/brnkrqnb.md) | 19630            | 24.5% | 56.7% | 18.8% |
| [BRNNKBQR](BoardAnalysis/brnnkbqr.md) | 19650            | 34.8% | 47.5% | 17.7% |
| [BRNNKBRQ](BoardAnalysis/brnnkbrq.md) | 19680            | 23.4% | 57.6% | 19.0% |
| [BRNNKQRB](BoardAnalysis/brnnkqrb.md) | 19690            | 24.9% | 55.5% | 19.7% |
| [BRNNKRQB](BoardAnalysis/brnnkrqb.md) | 19680            | 19.8% | 64.1% | 16.0% |
| [BRNNQBKR](BoardAnalysis/brnnqbkr.md) | 19680            | 26.9% | 53.9% | 19.3% |
| [BRNNQKRB](BoardAnalysis/brnnqkrb.md) | 19680            | 27.1% | 56.8% | 16.1% |
| [BRNQKBNR](BoardAnalysis/brnqkbnr.md) | 19640            | 22.0% | 59.7% | 18.3% |
| [BRNQKBRN](BoardAnalysis/brnqkbrn.md) | 19630            | 31.3% | 49.3% | 19.4% |
| [BRNQKNRB](BoardAnalysis/brnqknrb.md) | 19640            | 22.1% | 57.9% | 20.0% |
| [BRNQKRNB](BoardAnalysis/brnqkrnb.md) | 19630            | 20.3% | 62.8% | 16.9% |
| [BRNQNBKR](BoardAnalysis/brnqnbkr.md) | 19660            | 22.7% | 57.2% | 20.2% |
| [BRNQNKRB](BoardAnalysis/brnqnkrb.md) | 19650            | 22.8% | 60.0% | 17.1% |
| [BRQBKNNR](BoardAnalysis/brqbknnr.md) | 19630            | 27.3% | 51.8% | 20.9% |
| [BRQBKNRN](BoardAnalysis/brqbknrn.md) | 19620            | 33.6% | 46.9% | 19.5% |
| [BRQBKRNN](BoardAnalysis/brqbkrnn.md) | 19628            | 26.9% | 54.7% | 18.4% |
| [BRQBNKNR](BoardAnalysis/brqbnknr.md) | 19640            | 20.6% | 61.7% | 17.7% |
| [BRQBNKRN](BoardAnalysis/brqbnkrn.md) | 19640            | 21.3% | 60.9% | 17.8% |
| [BRQBNNKR](BoardAnalysis/brqbnnkr.md) | 19680            | 23.2% | 57.1% | 19.7% |
| [BRQKNBNR](BoardAnalysis/brqknbnr.md) | 19630            | 22.4% | 58.8% | 18.8% |
| [BRQKNBRN](BoardAnalysis/brqknbrn.md) | 19620            | 23.4% | 57.8% | 18.8% |
| [BRQKNNRB](BoardAnalysis/brqknnrb.md) | 19640            | 24.4% | 57.6% | 18.0% |
| [BRQKNRNB](BoardAnalysis/brqknrnb.md) | 19620            | 24.6% | 56.2% | 19.2% |
| [BRQKRBNN](BoardAnalysis/brqkrbnn.md) | 19620            | 33.7% | 48.9% | 17.5% |
| [BRQKRNNB](BoardAnalysis/brqkrnnb.md) | 19620            | 31.6% | 50.4% | 18.0% |
| [BRQNKBNR](BoardAnalysis/brqnkbnr.md) | 19640            | 24.2% | 56.7% | 19.1% |
| [BRQNKBRN](BoardAnalysis/brqnkbrn.md) | 19640            | 31.0% | 49.3% | 19.7% |
| [BRQNKNRB](BoardAnalysis/brqnknrb.md) | 19640            | 24.1% | 58.1% | 17.8% |
| [BRQNKRNB](BoardAnalysis/brqnkrnb.md) | 19636            | 23.1% | 59.1% | 17.7% |
| [BRQNNBKR](BoardAnalysis/brqnnbkr.md) | 19680            | 25.2% | 53.7% | 21.1% |
| [BRQNNKRB](BoardAnalysis/brqnnkrb.md) | 19680            | 23.2% | 60.2% | 16.6% |
| [NBBNQRKR](BoardAnalysis/nbbnqrkr.md) | 19690            | 25.9% | 55.0% | 19.1% |
| [NBBNRKQR](BoardAnalysis/nbbnrkqr.md) | 19700            | 24.8% | 56.5% | 18.7% |
| [NBBNRKRQ](BoardAnalysis/nbbnrkrq.md) | 19710            | 26.7% | 53.5% | 19.8% |
| [NBBNRQKR](BoardAnalysis/nbbnrqkr.md) | 19700            | 25.0% | 57.2% | 17.9% |
| [NBBQNRKR](BoardAnalysis/nbbqnrkr.md) | 19690            | 22.6% | 58.0% | 19.4% |
| [NBBQRKNR](BoardAnalysis/nbbqrknr.md) | 19700            | 26.5% | 55.3% | 18.2% |
| [NBBQRKRN](BoardAnalysis/nbbqrkrn.md) | 19690            | 26.3% | 56.5% | 17.2% |
| [NBBQRNKR](BoardAnalysis/nbbqrnkr.md) | 19690            | 24.1% | 57.9% | 18.0% |
| [NBBRKNQR](BoardAnalysis/nbbrknqr.md) | 19680            | 27.4% | 53.0% | 19.6% |
| [NBBRKNRQ](BoardAnalysis/nbbrknrq.md) | 19690            | 25.2% | 56.6% | 18.1% |
| [NBBRKQNR](BoardAnalysis/nbbrkqnr.md) | 19690            | 31.8% | 52.4% | 15.8% |
| [NBBRKQRN](BoardAnalysis/nbbrkqrn.md) | 19680            | 28.0% | 53.1% | 18.8% |
| [NBBRKRNQ](BoardAnalysis/nbbrkrnq.md) | 19680            | 26.1% | 53.8% | 20.1% |
| [NBBRKRQN](BoardAnalysis/nbbrkrqn.md) | 19663            | 24.3% | 56.1% | 19.6% |
| [NBBRNKQR](BoardAnalysis/nbbrnkqr.md) | 19706            | 28.1% | 53.2% | 18.7% |
| [NBBRNKRQ](BoardAnalysis/nbbrnkrq.md) | 19690            | 23.9% | 55.9% | 20.2% |
| [NBBRNQKR](BoardAnalysis/nbbrnqkr.md) | 19700            | 28.8% | 54.4% | 16.9% |
| [NBBRQKNR](BoardAnalysis/nbbrqknr.md) | 19700            | 26.0% | 56.7% | 17.3% |
| [NBBRQKRN](BoardAnalysis/nbbrqkrn.md) | 19660            | 23.9% | 58.0% | 18.2% |
| [NBBRQNKR](BoardAnalysis/nbbrqnkr.md) | 19700            | 26.0% | 54.9% | 19.2% |
| [NBNQBRKR](BoardAnalysis/nbnqbrkr.md) | 19690            | 29.6% | 50.9% | 19.5% |
| [NBNQRKBR](BoardAnalysis/nbnqrkbr.md) | 19703            | 24.8% | 56.6% | 18.6% |
| [NBNRBKQR](BoardAnalysis/nbnrbkqr.md) | 19700            | 31.7% | 48.9% | 19.4% |
| [NBNRBKRQ](BoardAnalysis/nbnrbkrq.md) | 19700            | 26.8% | 54.9% | 18.2% |
| [NBNRBQKR](BoardAnalysis/nbnrbqkr.md) | 19690            | 37.6% | 44.1% | 18.3% |
| [NBNRKQBR](BoardAnalysis/nbnrkqbr.md) | 19690            | 28.5% | 52.6% | 19.0% |
| [NBNRKRBQ](BoardAnalysis/nbnrkrbq.md) | 19700            | 24.4% | 55.6% | 20.0% |
| [NBNRQKBR](BoardAnalysis/nbnrqkbr.md) | 19690            | 27.5% | 55.5% | 17.0% |
| [NBQNBRKR](BoardAnalysis/nbqnbrkr.md) | 19704            | 35.4% | 46.2% | 18.3% |
| [NBQNRKBR](BoardAnalysis/nbqnrkbr.md) | 19700            | 25.7% | 56.0% | 18.3% |
| [NBQRBKNR](BoardAnalysis/nbqrbknr.md) | 19690            | 28.3% | 53.0% | 18.7% |
| [NBQRBKRN](BoardAnalysis/nbqrbkrn.md) | 19680            | 31.2% | 52.1% | 16.7% |
| [NBQRBNKR](BoardAnalysis/nbqrbnkr.md) | 19690            | 33.6% | 50.0% | 16.4% |
| [NBQRKNBR](BoardAnalysis/nbqrknbr.md) | 19690            | 20.2% | 62.0% | 17.8% |
| [NBQRKRBN](BoardAnalysis/nbqrkrbn.md) | 19680            | 36.6% | 47.0% | 16.3% |
| [NBQRNKBR](BoardAnalysis/nbqrnkbr.md) | 19706            | 24.4% | 56.6% | 19.0% |
| [NBRKBNQR](BoardAnalysis/nbrkbnqr.md) | 19670            | 29.9% | 52.8% | 17.3% |
| [NBRKBNRQ](BoardAnalysis/nbrkbnrq.md) | 19680            | 36.5% | 48.3% | 15.2% |
| [NBRKBQNR](BoardAnalysis/nbrkbqnr.md) | 19690            | 35.2% | 47.8% | 17.1% |
| [NBRKBQRN](BoardAnalysis/nbrkbqrn.md) | 19680            | 30.5% | 51.9% | 17.5% |
| [NBRKBRNQ](BoardAnalysis/nbrkbrnq.md) | 19680            | 24.6% | 56.0% | 19.4% |
| [NBRKBRQN](BoardAnalysis/nbrkbrqn.md) | 19650            | 33.3% | 48.5% | 18.2% |
| [NBRKNQBR](BoardAnalysis/nbrknqbr.md) | 19650            | 34.1% | 47.3% | 18.6% |
| [NBRKNRBQ](BoardAnalysis/nbrknrbq.md) | 19680            | 27.9% | 54.0% | 18.2% |
| [NBRKQNBR](BoardAnalysis/nbrkqnbr.md) | 19680            | 34.4% | 48.5% | 17.0% |
| [NBRKQRBN](BoardAnalysis/nbrkqrbn.md) | 19680            | 38.6% | 45.9% | 15.5% |
| [NBRKRNBQ](BoardAnalysis/nbrkrnbq.md) | 19680            | 22.6% | 59.4% | 18.0% |
| [NBRKRQBN](BoardAnalysis/nbrkrqbn.md) | 19690            | 28.1% | 52.3% | 19.6% |
| [NBRNBKQR](BoardAnalysis/nbrnbkqr.md) | 19700            | 23.0% | 55.4% | 21.6% |
| [NBRNBKRQ](BoardAnalysis/nbrnbkrq.md) | 19706            | 32.1% | 50.2% | 17.7% |
| [NBRNBQKR](BoardAnalysis/nbrnbqkr.md) | 19700            | 27.9% | 52.0% | 20.1% |
| [NBRNKQBR](BoardAnalysis/nbrnkqbr.md) | 19700            | 23.5% | 53.6% | 22.9% |
| [NBRNKRBQ](BoardAnalysis/nbrnkrbq.md) | 19700            | 32.0% | 51.6% | 16.4% |
| [NBRNQKBR](BoardAnalysis/nbrnqkbr.md) | 19690            | 24.7% | 57.4% | 17.9% |
| [NBRQBKNR](BoardAnalysis/nbrqbknr.md) | 19700            | 28.8% | 54.3% | 16.9% |
| [NBRQBKRN](BoardAnalysis/nbrqbkrn.md) | 19650            | 33.2% | 50.4% | 16.4% |
| [NBRQBNKR](BoardAnalysis/nbrqbnkr.md) | 19690            | 25.8% | 58.5% | 15.8% |
| [NBRQKNBR](BoardAnalysis/nbrqknbr.md) | 19690            | 30.7% | 52.5% | 16.8% |
| [NBRQKRBN](BoardAnalysis/nbrqkrbn.md) | 19690            | 42.2% | 44.0% | 13.8% |
| [NBRQNKBR](BoardAnalysis/nbrqnkbr.md) | 19690            | 25.6% | 56.2% | 18.2% |
| [NNBBQRKR](BoardAnalysis/nnbbqrkr.md) | 19690            | 24.6% | 55.8% | 19.6% |
| [NNBBRKQR](BoardAnalysis/nnbbrkqr.md) | 19700            | 23.8% | 60.1% | 16.1% |
| [NNBBRKRQ](BoardAnalysis/nnbbrkrq.md) | 19700            | 24.1% | 55.4% | 20.5% |
| [NNBBRQKR](BoardAnalysis/nnbbrqkr.md) | 19700            | 24.7% | 57.7% | 17.6% |
| [NNBQRBKR](BoardAnalysis/nnbqrbkr.md) | 19690            | 21.7% | 60.8% | 17.5% |
| [NNBQRKRB](BoardAnalysis/nnbqrkrb.md) | 19690            | 21.6% | 60.7% | 17.7% |
| [NNBRKBQR](BoardAnalysis/nnbrkbqr.md) | 19700            | 33.4% | 49.7% | 16.9% |
| [NNBRKBRQ](BoardAnalysis/nnbrkbrq.md) | 19700            | 27.5% | 53.8% | 18.7% |
| [NNBRKQRB](BoardAnalysis/nnbrkqrb.md) | 19700            | 30.9% | 53.1% | 16.0% |
| [NNBRKRQB](BoardAnalysis/nnbrkrqb.md) | 19700            | 28.7% | 51.4% | 19.9% |
| [NNBRQBKR](BoardAnalysis/nnbrqbkr.md) | 19692            | 25.4% | 57.4% | 17.2% |
| [NNBRQKRB](BoardAnalysis/nnbrqkrb.md) | 19690            | 26.0% | 56.4% | 17.6% |
| [NNQBBRKR](BoardAnalysis/nnqbbrkr.md) | 19710            | 24.2% | 56.5% | 19.3% |
| [NNQBRKBR](BoardAnalysis/nnqbrkbr.md) | 19700            | 26.9% | 56.8% | 16.4% |
| [NNQRBBKR](BoardAnalysis/nnqrbbkr.md) | 19710            | 25.2% | 57.1% | 17.8% |
| [NNQRBKRB](BoardAnalysis/nnqrbkrb.md) | 19710            | 22.9% | 58.0% | 19.2% |
| [NNQRKBBR](BoardAnalysis/nnqrkbbr.md) | 19700            | 30.2% | 52.9% | 16.9% |
| [NNQRKRBB](BoardAnalysis/nnqrkrbb.md) | 19700            | 24.0% | 58.5% | 17.5% |
| [NNRBBKQR](BoardAnalysis/nnrbbkqr.md) | 19700            | 28.3% | 51.9% | 19.8% |
| [NNRBBKRQ](BoardAnalysis/nnrbbkrq.md) | 19700            | 29.8% | 49.2% | 21.0% |
| [NNRBBQKR](BoardAnalysis/nnrbbqkr.md) | 19690            | 27.4% | 53.7% | 18.9% |
| [NNRBKQBR](BoardAnalysis/nnrbkqbr.md) | 19690            | 29.2% | 52.2% | 18.7% |
| [NNRBKRBQ](BoardAnalysis/nnrbkrbq.md) | 19700            | 31.7% | 52.7% | 15.6% |
| [NNRBQKBR](BoardAnalysis/nnrbqkbr.md) | 19710            | 27.3% | 54.5% | 18.2% |
| [NNRKBBQR](BoardAnalysis/nnrkbbqr.md) | 19693            | 28.0% | 54.2% | 17.9% |
| [NNRKBBRQ](BoardAnalysis/nnrkbbrq.md) | 19700            | 28.2% | 54.4% | 17.3% |
| [NNRKBQRB](BoardAnalysis/nnrkbqrb.md) | 19690            | 28.9% | 52.9% | 18.1% |
| [NNRKBRQB](BoardAnalysis/nnrkbrqb.md) | 19700            | 27.7% | 54.9% | 17.4% |
| [NNRKQBBR](BoardAnalysis/nnrkqbbr.md) | 19690            | 25.3% | 55.7% | 19.0% |
| [NNRKQRBB](BoardAnalysis/nnrkqrbb.md) | 19690            | 35.7% | 47.5% | 16.9% |
| [NNRKRBBQ](BoardAnalysis/nnrkrbbq.md) | 19694            | 27.0% | 55.5% | 17.5% |
| [NNRKRQBB](BoardAnalysis/nnrkrqbb.md) | 19690            | 26.5% | 53.9% | 19.6% |
| [NNRQBBKR](BoardAnalysis/nnrqbbkr.md) | 19690            | 29.7% | 52.8% | 17.5% |
| [NNRQBKRB](BoardAnalysis/nnrqbkrb.md) | 19690            | 25.1% | 58.5% | 16.5% |
| [NNRQKBBR](BoardAnalysis/nnrqkbbr.md) | 19710            | 33.9% | 48.8% | 17.3% |
| [NNRQKRBB](BoardAnalysis/nnrqkrbb.md) | 19710            | 30.1% | 52.2% | 17.7% |
| [NQBBNRKR](BoardAnalysis/nqbbnrkr.md) | 19710            | 27.8% | 53.2% | 18.9% |
| [NQBBRKNR](BoardAnalysis/nqbbrknr.md) | 19700            | 24.2% | 56.2% | 19.6% |
| [NQBBRKRN](BoardAnalysis/nqbbrkrn.md) | 19680            | 26.9% | 55.1% | 18.0% |
| [NQBBRNKR](BoardAnalysis/nqbbrnkr.md) | 19690            | 26.2% | 55.6% | 18.2% |
| [NQBNRBKR](BoardAnalysis/nqbnrbkr.md) | 19710            | 27.6% | 53.2% | 19.2% |
| [NQBNRKRB](BoardAnalysis/nqbnrkrb.md) | 19709            | 24.3% | 58.1% | 17.6% |
| [NQBRKBNR](BoardAnalysis/nqbrkbnr.md) | 19696            | 28.8% | 54.8% | 16.3% |
| [NQBRKBRN](BoardAnalysis/nqbrkbrn.md) | 19680            | 32.2% | 51.3% | 16.6% |
| [NQBRKNRB](BoardAnalysis/nqbrknrb.md) | 19690            | 22.0% | 62.4% | 15.6% |
| [NQBRKRNB](BoardAnalysis/nqbrkrnb.md) | 19680            | 23.7% | 58.5% | 17.8% |
| [NQBRNBKR](BoardAnalysis/nqbrnbkr.md) | 19690            | 23.9% | 58.0% | 18.2% |
| [NQBRNKRB](BoardAnalysis/nqbrnkrb.md) | 19690            | 20.9% | 60.9% | 18.2% |
| [NQNBBRKR](BoardAnalysis/nqnbbrkr.md) | 19700            | 26.2% | 53.2% | 20.6% |
| [NQNBRKBR](BoardAnalysis/nqnbrkbr.md) | 19700            | 20.9% | 59.5% | 19.6% |
| [NQNRBBKR](BoardAnalysis/nqnrbbkr.md) | 19700            | 28.3% | 54.2% | 17.5% |
| [NQNRBKRB](BoardAnalysis/nqnrbkrb.md) | 19700            | 25.9% | 56.4% | 17.7% |
| [NQNRKBBR](BoardAnalysis/nqnrkbbr.md) | 19700            | 22.9% | 59.6% | 17.5% |
| [NQNRKRBB](BoardAnalysis/nqnrkrbb.md) | 19700            | 26.5% | 55.9% | 17.6% |
| [NQRBBKNR](BoardAnalysis/nqrbbknr.md) | 19690            | 22.2% | 59.4% | 18.4% |
| [NQRBBKRN](BoardAnalysis/nqrbbkrn.md) | 19680            | 28.5% | 53.9% | 17.5% |
| [NQRBBNKR](BoardAnalysis/nqrbbnkr.md) | 19710            | 26.1% | 55.1% | 18.8% |
| [NQRBKNBR](BoardAnalysis/nqrbknbr.md) | 19710            | 24.5% | 58.3% | 17.2% |
| [NQRBKRBN](BoardAnalysis/nqrbkrbn.md) | 19680            | 37.0% | 48.2% | 14.8% |
| [NQRBNKBR](BoardAnalysis/nqrbnkbr.md) | 19700            | 25.7% | 56.6% | 17.7% |
| [NQRKBBNR](BoardAnalysis/nqrkbbnr.md) | 19690            | 24.1% | 57.7% | 18.2% |
| [NQRKBBRN](BoardAnalysis/nqrkbbrn.md) | 19680            | 34.6% | 49.5% | 16.0% |
| [NQRKBNRB](BoardAnalysis/nqrkbnrb.md) | 19690            | 27.1% | 53.0% | 19.9% |
| [NQRKBRNB](BoardAnalysis/nqrkbrnb.md) | 19680            | 25.8% | 56.1% | 18.1% |
| [NQRKNBBR](BoardAnalysis/nqrknbbr.md) | 19710            | 23.9% | 53.4% | 22.7% |
| [NQRKNRBB](BoardAnalysis/nqrknrbb.md) | 19710            | 29.4% | 51.6% | 19.0% |
| [NQRKRBBN](BoardAnalysis/nqrkrbbn.md) | 19676            | 25.7% | 53.3% | 20.9% |
| [NQRKRNBB](BoardAnalysis/nqrkrnbb.md) | 19670            | 25.9% | 55.0% | 19.0% |
| [NQRNBBKR](BoardAnalysis/nqrnbbkr.md) | 19710            | 29.8% | 52.6% | 17.6% |
| [NQRNBKRB](BoardAnalysis/nqrnbkrb.md) | 19710            | 23.1% | 60.1% | 16.8% |
| [NQRNKBBR](BoardAnalysis/nqrnkbbr.md) | 19700            | 27.4% | 54.4% | 18.2% |
| [NQRNKRBB](BoardAnalysis/nqrnkrbb.md) | 19700            | 27.8% | 51.9% | 20.4% |
| [NRBBKNQR](BoardAnalysis/nrbbknqr.md) | 19680            | 30.4% | 50.2% | 19.4% |
| [NRBBKNRQ](BoardAnalysis/nrbbknrq.md) | 19690            | 32.7% | 46.5% | 20.8% |
| [NRBBKQNR](BoardAnalysis/nrbbkqnr.md) | 19690            | 30.8% | 51.4% | 17.7% |
| [NRBBKQRN](BoardAnalysis/nrbbkqrn.md) | 19680            | 30.2% | 50.7% | 19.1% |
| [NRBBKRNQ](BoardAnalysis/nrbbkrnq.md) | 19680            | 35.0% | 45.6% | 19.4% |
| [NRBBKRQN](BoardAnalysis/nrbbkrqn.md) | 19660            | 28.3% | 54.4% | 17.2% |
| [NRBBNKQR](BoardAnalysis/nrbbnkqr.md) | 19700            | 40.8% | 43.5% | 15.7% |
| [NRBBNKRQ](BoardAnalysis/nrbbnkrq.md) | 19710            | 29.3% | 52.2% | 18.4% |
| [NRBBNQKR](BoardAnalysis/nrbbnqkr.md) | 19700            | 26.8% | 54.4% | 18.9% |
| [NRBBQKNR](BoardAnalysis/nrbbqknr.md) | 19700            | 25.9% | 55.2% | 18.9% |
| [NRBBQKRN](BoardAnalysis/nrbbqkrn.md) | 19660            | 26.4% | 56.2% | 17.4% |
| [NRBBQNKR](BoardAnalysis/nrbbqnkr.md) | 19700            | 26.4% | 53.4% | 20.2% |
| [NRBKNBQR](BoardAnalysis/nrbknbqr.md) | 19680            | 32.9% | 49.0% | 18.1% |
| [NRBKNBRQ](BoardAnalysis/nrbknbrq.md) | 19690            | 27.5% | 51.9% | 20.7% |
| [NRBKNQRB](BoardAnalysis/nrbknqrb.md) | 19670            | 32.9% | 48.9% | 18.2% |
| [NRBKNRQB](BoardAnalysis/nrbknrqb.md) | 19680            | 35.4% | 48.3% | 16.2% |
| [NRBKQBNR](BoardAnalysis/nrbkqbnr.md) | 19690            | 36.7% | 47.0% | 16.3% |
| [NRBKQBRN](BoardAnalysis/nrbkqbrn.md) | 19680            | 30.7% | 52.0% | 17.3% |
| [NRBKQNRB](BoardAnalysis/nrbkqnrb.md) | 19690            | 26.8% | 55.8% | 17.4% |
| [NRBKQRNB](BoardAnalysis/nrbkqrnb.md) | 19680            | 31.5% | 49.7% | 18.8% |
| [NRBKRBNQ](BoardAnalysis/nrbkrbnq.md) | 19680            | 25.3% | 54.2% | 20.5% |
| [NRBKRBQN](BoardAnalysis/nrbkrbqn.md) | 19660            | 31.3% | 52.2% | 16.5% |
| [NRBKRNQB](BoardAnalysis/nrbkrnqb.md) | 19680            | 29.8% | 49.5% | 20.7% |
| [NRBKRQNB](BoardAnalysis/nrbkrqnb.md) | 19650            | 28.8% | 55.4% | 15.8% |
| [NRBNKBQR](BoardAnalysis/nrbnkbqr.md) | 19700            | 33.4% | 48.5% | 18.2% |
| [NRBNKBRQ](BoardAnalysis/nrbnkbrq.md) | 19710            | 25.3% | 54.3% | 20.4% |
| [NRBNKQRB](BoardAnalysis/nrbnkqrb.md) | 19700            | 23.2% | 59.0% | 17.8% |
| [NRBNKRQB](BoardAnalysis/nrbnkrqb.md) | 19710            | 25.4% | 56.5% | 18.1% |
| [NRBNQBKR](BoardAnalysis/nrbnqbkr.md) | 19700            | 28.8% | 52.8% | 18.4% |
| [NRBNQKRB](BoardAnalysis/nrbnqkrb.md) | 19700            | 24.2% | 56.7% | 19.1% |
| [NRBQKBNR](BoardAnalysis/nrbqkbnr.md) | 19700            | 33.1% | 50.1% | 16.7% |
| [NRBQKBRN](BoardAnalysis/nrbqkbrn.md) | 19660            | 24.5% | 57.2% | 18.2% |
| [NRBQKNRB](BoardAnalysis/nrbqknrb.md) | 19700            | 26.9% | 54.1% | 19.0% |
| [NRBQKRNB](BoardAnalysis/nrbqkrnb.md) | 19650            | 25.0% | 57.7% | 17.3% |
| [NRBQNBKR](BoardAnalysis/nrbqnbkr.md) | 19693            | 24.2% | 56.6% | 19.2% |
| [NRBQNKRB](BoardAnalysis/nrbqnkrb.md) | 19690            | 24.1% | 59.1% | 16.8% |
| [NRKBBNQR](BoardAnalysis/nrkbbnqr.md) | 19667            | 27.6% | 51.9% | 20.5% |
| [NRKBBNRQ](BoardAnalysis/nrkbbnrq.md) | 19680            | 28.7% | 52.9% | 18.4% |
| [NRKBBQNR](BoardAnalysis/nrkbbqnr.md) | 19680            | 29.7% | 50.7% | 19.7% |
| [NRKBBQRN](BoardAnalysis/nrkbbqrn.md) | 19680            | 25.0% | 54.3% | 20.7% |
| [NRKBBRNQ](BoardAnalysis/nrkbbrnq.md) | 19680            | 27.1% | 54.3% | 18.6% |
| [NRKBBRQN](BoardAnalysis/nrkbbrqn.md) | 19690            | 23.5% | 57.8% | 18.7% |
| [NRKBNQBR](BoardAnalysis/nrkbnqbr.md) | 19650            | 27.8% | 52.4% | 19.8% |
| [NRKBNRBQ](BoardAnalysis/nrkbnrbq.md) | 19680            | 27.9% | 53.5% | 18.6% |
| [NRKBQNBR](BoardAnalysis/nrkbqnbr.md) | 19680            | 28.4% | 52.7% | 18.8% |
| [NRKBQRBN](BoardAnalysis/nrkbqrbn.md) | 19680            | 37.3% | 47.4% | 15.3% |
| [NRKBRNBQ](BoardAnalysis/nrkbrnbq.md) | 19680            | 30.5% | 50.9% | 18.6% |
| [NRKBRQBN](BoardAnalysis/nrkbrqbn.md) | 19690            | 25.4% | 57.8% | 16.8% |
| [NRKNBBQR](BoardAnalysis/nrknbbqr.md) | 19660            | 28.0% | 54.0% | 18.0% |
| [NRKNBBRQ](BoardAnalysis/nrknbbrq.md) | 19680            | 29.9% | 51.9% | 18.3% |
| [NRKNBQRB](BoardAnalysis/nrknbqrb.md) | 19658            | 23.9% | 56.0% | 20.1% |
| [NRKNBRQB](BoardAnalysis/nrknbrqb.md) | 19680            | 28.7% | 52.9% | 18.4% |
| [NRKNQBBR](BoardAnalysis/nrknqbbr.md) | 19649            | 22.0% | 60.5% | 17.5% |
| [NRKNQRBB](BoardAnalysis/nrknqrbb.md) | 19690            | 31.0% | 52.6% | 16.4% |
| [NRKNRBBQ](BoardAnalysis/nrknrbbq.md) | 19680            | 25.7% | 55.0% | 19.3% |
| [NRKNRQBB](BoardAnalysis/nrknrqbb.md) | 19680            | 20.0% | 63.1% | 16.8% |
| [NRKQBBNR](BoardAnalysis/nrkqbbnr.md) | 19680            | 31.3% | 51.3% | 17.4% |
| [NRKQBBRN](BoardAnalysis/nrkqbbrn.md) | 19680            | 30.0% | 50.8% | 19.2% |
| [NRKQBNRB](BoardAnalysis/nrkqbnrb.md) | 19680            | 30.6% | 52.0% | 17.3% |
| [NRKQBRNB](BoardAnalysis/nrkqbrnb.md) | 19680            | 31.5% | 50.0% | 18.5% |
| [NRKQNBBR](BoardAnalysis/nrkqnbbr.md) | 19680            | 32.0% | 49.8% | 18.2% |
| [NRKQNRBB](BoardAnalysis/nrkqnrbb.md) | 19680            | 31.2% | 51.1% | 17.7% |
| [NRKQRBBN](BoardAnalysis/nrkqrbbn.md) | 19680            | 26.3% | 56.1% | 17.6% |
| [NRKQRNBB](BoardAnalysis/nrkqrnbb.md) | 19680            | 25.8% | 55.3% | 18.9% |
| [NRKRBBNQ](BoardAnalysis/nrkrbbnq.md) | 19680            | 29.7% | 50.9% | 19.3% |
| [NRKRBBQN](BoardAnalysis/nrkrbbqn.md) | 19690            | 28.8% | 50.8% | 20.4% |
| [NRKRBNQB](BoardAnalysis/nrkrbnqb.md) | 19680            | 36.3% | 45.5% | 18.2% |
| [NRKRBQNB](BoardAnalysis/nrkrbqnb.md) | 19690            | 27.4% | 53.7% | 18.9% |
| [NRKRNBBQ](BoardAnalysis/nrkrnbbq.md) | 19670            | 31.1% | 49.7% | 19.2% |
| [NRKRNQBB](BoardAnalysis/nrkrnqbb.md) | 19670            | 23.9% | 52.8% | 23.3% |
| [NRKRQBBN](BoardAnalysis/nrkrqbbn.md) | 19690            | 31.6% | 52.0% | 16.3% |
| [NRKRQNBB](BoardAnalysis/nrkrqnbb.md) | 19690            | 26.3% | 55.2% | 18.5% |
| [NRNBBKQR](BoardAnalysis/nrnbbkqr.md) | 19700            | 28.9% | 52.4% | 18.7% |
| [NRNBBKRQ](BoardAnalysis/nrnbbkrq.md) | 19700            | 29.1% | 51.7% | 19.2% |
| [NRNBBQKR](BoardAnalysis/nrnbbqkr.md) | 19700            | 30.3% | 51.7% | 18.1% |
| [NRNBKQBR](BoardAnalysis/nrnbkqbr.md) | 19698            | 27.0% | 53.6% | 19.4% |
| [NRNBKRBQ](BoardAnalysis/nrnbkrbq.md) | 19700            | 28.8% | 52.8% | 18.5% |
| [NRNBQKBR](BoardAnalysis/nrnbqkbr.md) | 19690            | 23.7% | 57.4% | 18.9% |
| [NRNKBBQR](BoardAnalysis/nrnkbbqr.md) | 19700            | 27.7% | 53.5% | 18.8% |
| [NRNKBBRQ](BoardAnalysis/nrnkbbrq.md) | 19700            | 28.4% | 52.1% | 19.6% |
| [NRNKBQRB](BoardAnalysis/nrnkbqrb.md) | 19700            | 26.8% | 52.3% | 20.9% |
| [NRNKBRQB](BoardAnalysis/nrnkbrqb.md) | 19700            | 29.7% | 50.4% | 19.9% |
| [NRNKQBBR](BoardAnalysis/nrnkqbbr.md) | 19690            | 27.3% | 54.6% | 18.2% |
| [NRNKQRBB](BoardAnalysis/nrnkqrbb.md) | 19690            | 32.0% | 50.0% | 18.1% |
| [NRNKRBBQ](BoardAnalysis/nrnkrbbq.md) | 19700            | 31.4% | 50.5% | 18.1% |
| [NRNKRQBB](BoardAnalysis/nrnkrqbb.md) | 19700            | 32.0% | 49.6% | 18.4% |
| [NRNQBBKR](BoardAnalysis/nrnqbbkr.md) | 19693            | 26.9% | 54.0% | 19.0% |
| [NRNQBKRB](BoardAnalysis/nrnqbkrb.md) | 19690            | 24.0% | 58.1% | 17.8% |
| [NRNQKBBR](BoardAnalysis/nrnqkbbr.md) | 19690            | 30.3% | 51.6% | 18.1% |
| [NRNQKRBB](BoardAnalysis/nrnqkrbb.md) | 19690            | 30.3% | 51.7% | 18.0% |
| [NRQBBKNR](BoardAnalysis/nrqbbknr.md) | 19700            | 24.0% | 57.4% | 18.6% |
| [NRQBBKRN](BoardAnalysis/nrqbbkrn.md) | 19640            | 24.6% | 55.8% | 19.6% |
| [NRQBBNKR](BoardAnalysis/nrqbbnkr.md) | 19690            | 25.7% | 54.9% | 19.4% |
| [NRQBKNBR](BoardAnalysis/nrqbknbr.md) | 19690            | 27.9% | 51.5% | 20.6% |
| [NRQBKRBN](BoardAnalysis/nrqbkrbn.md) | 19690            | 38.0% | 47.1% | 14.9% |
