# Opening Analysis for Chess960: Results

We provide the same list twice, first sorted by [board name](#sorted-by-board-name), and then sorted by [advantage for white](#sorted-by-advantage-for-white).

## Sorted by board name

| Index | Board                            | # Played Matches        | White           | Draw           | Black           | Average points for White |
|:-----:|----------------------------------|:-----------------------:|:---------------:|:--------------:|:---------------:|:------------------------:|
| 1 | [BBNNQRKR](BoardAnalysis/bbnnqrkr.md) | 19700            | 37.3% | 45.0% | 17.7% | 59.8
| 2 | [BBNNRKQR](BoardAnalysis/bbnnrkqr.md) | 19709            | 31.5% | 48.8% | 19.7% | 55.9
| 3 | [BBNNRKRQ](BoardAnalysis/bbnnrkrq.md) | 19690            | 40.4% | 41.8% | 17.8% | 61.3
| 4 | [BBNNRQKR](BoardAnalysis/bbnnrqkr.md) | 19700            | 30.1% | 49.1% | 20.9% | 54.6
| 5 | [BBNQNRKR](BoardAnalysis/bbnqnrkr.md) | 19690            | 30.0% | 50.3% | 19.8% | 55.1
| 6 | [BBNQRKNR](BoardAnalysis/bbnqrknr.md) | 19700            | 28.8% | 51.7% | 19.5% | 54.7
| 7 | [BBNQRKRN](BoardAnalysis/bbnqrkrn.md) | 19690            | 23.6% | 56.8% | 19.6% | 52.0
| 8 | [BBNQRNKR](BoardAnalysis/bbnqrnkr.md) | 19700            | 27.8% | 50.6% | 21.5% | 53.1
| 9 | [BBNRKNQR](BoardAnalysis/bbnrknqr.md) | 19680            | 29.2% | 50.6% | 20.2% | 54.5
| 10 | [BBNRKNRQ](BoardAnalysis/bbnrknrq.md) | 19690            | 31.4% | 46.2% | 22.4% | 54.5
| 11 | [BBNRKQNR](BoardAnalysis/bbnrkqnr.md) | 19690            | 23.8% | 55.6% | 20.5% | 51.7
| 12 | [BBNRKQRN](BoardAnalysis/bbnrkqrn.md) | 19690            | 33.4% | 49.9% | 16.8% | 58.3
| 13 | [BBNRKRNQ](BoardAnalysis/bbnrkrnq.md) | 19680            | 40.4% | 42.8% | 16.8% | 61.8
| 14 | [BBNRKRQN](BoardAnalysis/bbnrkrqn.md) | 19670            | 27.1% | 54.6% | 18.4% | 54.4
| 15 | [BBNRNKQR](BoardAnalysis/bbnrnkqr.md) | 19690            | 31.8% | 49.3% | 18.9% | 56.5
| 16 | [BBNRNKRQ](BoardAnalysis/bbnrnkrq.md) | 19690            | 35.6% | 45.6% | 18.8% | 58.4
| 17 | [BBNRNQKR](BoardAnalysis/bbnrnqkr.md) | 19707            | 29.2% | 52.1% | 18.8% | 55.2
| 18 | [BBNRQKNR](BoardAnalysis/bbnrqknr.md) | 19707            | 30.2% | 51.8% | 18.0% | 56.1
| 19 | [BBNRQKRN](BoardAnalysis/bbnrqkrn.md) | 19670            | 22.7% | 57.7% | 19.6% | 51.6
| 20 | [BBNRQNKR](BoardAnalysis/bbnrqnkr.md) | 19700            | 31.8% | 49.6% | 18.6% | 56.6

----
# Sorted by Advantage for White

| Index | Board                            | # Played Matches        | White           | Draw           | Black           | Average points for White |
|:-----:|----------------------------------|:-----------------------:|:---------------:|:--------------:|:---------------:|:------------------------:|
| 13 | [BBNRKRNQ](BoardAnalysis/bbnrkrnq.md) | 19680            | 40.4% | 42.8% | 16.8% | 61.8
| 3 | [BBNNRKRQ](BoardAnalysis/bbnnrkrq.md) | 19690            | 40.4% | 41.8% | 17.8% | 61.3
| 1 | [BBNNQRKR](BoardAnalysis/bbnnqrkr.md) | 19700            | 37.3% | 45.0% | 17.7% | 59.8
| 16 | [BBNRNKRQ](BoardAnalysis/bbnrnkrq.md) | 19690            | 35.6% | 45.6% | 18.8% | 58.4
| 12 | [BBNRKQRN](BoardAnalysis/bbnrkqrn.md) | 19690            | 33.4% | 49.9% | 16.8% | 58.3
| 20 | [BBNRQNKR](BoardAnalysis/bbnrqnkr.md) | 19700            | 31.8% | 49.6% | 18.6% | 56.6
| 15 | [BBNRNKQR](BoardAnalysis/bbnrnkqr.md) | 19690            | 31.8% | 49.3% | 18.9% | 56.5
| 18 | [BBNRQKNR](BoardAnalysis/bbnrqknr.md) | 19707            | 30.2% | 51.8% | 18.0% | 56.1
| 2 | [BBNNRKQR](BoardAnalysis/bbnnrkqr.md) | 19709            | 31.5% | 48.8% | 19.7% | 55.9
| 17 | [BBNRNQKR](BoardAnalysis/bbnrnqkr.md) | 19707            | 29.2% | 52.1% | 18.8% | 55.2
| 5 | [BBNQNRKR](BoardAnalysis/bbnqnrkr.md) | 19690            | 30.0% | 50.3% | 19.8% | 55.1
| 6 | [BBNQRKNR](BoardAnalysis/bbnqrknr.md) | 19700            | 28.8% | 51.7% | 19.5% | 54.7
| 4 | [BBNNRQKR](BoardAnalysis/bbnnrqkr.md) | 19700            | 30.1% | 49.1% | 20.9% | 54.6
| 9 | [BBNRKNQR](BoardAnalysis/bbnrknqr.md) | 19680            | 29.2% | 50.6% | 20.2% | 54.5
| 10 | [BBNRKNRQ](BoardAnalysis/bbnrknrq.md) | 19690            | 31.4% | 46.2% | 22.4% | 54.5
| 14 | [BBNRKRQN](BoardAnalysis/bbnrkrqn.md) | 19670            | 27.1% | 54.6% | 18.4% | 54.4
| 8 | [BBNQRNKR](BoardAnalysis/bbnqrnkr.md) | 19700            | 27.8% | 50.6% | 21.5% | 53.1
| 7 | [BBNQRKRN](BoardAnalysis/bbnqrkrn.md) | 19690            | 23.6% | 56.8% | 19.6% | 52.0
| 11 | [BBNRKQNR](BoardAnalysis/bbnrkqnr.md) | 19690            | 23.8% | 55.6% | 20.5% | 51.7
| 19 | [BBNRQKRN](BoardAnalysis/bbnrqkrn.md) | 19670            | 22.7% | 57.7% | 19.6% | 51.6
