# Opening Analysis for Chess960: Results

We provide the same list twice, first sorted by [board name](#sorted-by-board-name), and then sorted by [advantage for white](#sorted-by-advantage-for-white).

## Sorted by board name

| Index | Board                            | # Played Matches        | White           | Draw           | Black           | Average points for White |
|:-----:|----------------------------------|:-----------------------:|:---------------:|:--------------:|:---------------:|:------------------------:|
| 1 | [BBNNQRKR](BoardAnalysis/bbnnqrkr.md) | 19700            | 37.3% | 45.0% | 17.7% | 59.8
| 2 | [BBNNRKQR](BoardAnalysis/bbnnrkqr.md) | 19709            | 31.5% | 48.8% | 19.7% | 55.9
| 3 | [BBNNRKRQ](BoardAnalysis/bbnnrkrq.md) | 19690            | 40.4% | 41.8% | 17.8% | 61.3
| 4 | [BBNNRQKR](BoardAnalysis/bbnnrqkr.md) | 19700            | 30.1% | 49.1% | 20.9% | 54.6
| 5 | [BBNQNRKR](BoardAnalysis/bbnqnrkr.md) | 19690            | 30.0% | 50.3% | 19.8% | 55.1
| 6 | [BBNQRKNR](BoardAnalysis/bbnqrknr.md) | 19700            | 28.8% | 51.7% | 19.5% | 54.7
| 7 | [BBNQRKRN](BoardAnalysis/bbnqrkrn.md) | 19690            | 23.6% | 56.8% | 19.6% | 52.0
| 8 | [BBNQRNKR](BoardAnalysis/bbnqrnkr.md) | 19700            | 27.8% | 50.6% | 21.5% | 53.1
| 9 | [BBNRKNQR](BoardAnalysis/bbnrknqr.md) | 19680            | 29.2% | 50.6% | 20.2% | 54.5
| 10 | [BBNRKNRQ](BoardAnalysis/bbnrknrq.md) | 19690            | 31.4% | 46.2% | 22.4% | 54.5
| 11 | [BBNRKQNR](BoardAnalysis/bbnrkqnr.md) | 19690            | 23.8% | 55.6% | 20.5% | 51.7
| 12 | [BBNRKQRN](BoardAnalysis/bbnrkqrn.md) | 19690            | 33.4% | 49.9% | 16.8% | 58.3
| 13 | [BBNRKRNQ](BoardAnalysis/bbnrkrnq.md) | 19680            | 40.4% | 42.8% | 16.8% | 61.8
| 14 | [BBNRKRQN](BoardAnalysis/bbnrkrqn.md) | 19670            | 27.1% | 54.6% | 18.4% | 54.4
| 15 | [BBNRNKQR](BoardAnalysis/bbnrnkqr.md) | 19690            | 31.8% | 49.3% | 18.9% | 56.5
| 16 | [BBNRNKRQ](BoardAnalysis/bbnrnkrq.md) | 19690            | 35.6% | 45.6% | 18.8% | 58.4
| 17 | [BBNRNQKR](BoardAnalysis/bbnrnqkr.md) | 19707            | 29.2% | 52.1% | 18.8% | 55.2
| 18 | [BBNRQKNR](BoardAnalysis/bbnrqknr.md) | 19707            | 30.2% | 51.8% | 18.0% | 56.1
| 19 | [BBNRQKRN](BoardAnalysis/bbnrqkrn.md) | 19670            | 22.7% | 57.7% | 19.6% | 51.6
| 20 | [BBNRQNKR](BoardAnalysis/bbnrqnkr.md) | 19700            | 31.8% | 49.6% | 18.6% | 56.6
| 21 | [BBQNNRKR](BoardAnalysis/bbqnnrkr.md) | 19618            | 23.5% | 56.9% | 19.6% | 52.0
| 22 | [BBQNRKNR](BoardAnalysis/bbqnrknr.md) | 19700            | 26.2% | 50.6% | 23.2% | 51.5
| 23 | [BBQNRKRN](BoardAnalysis/bbqnrkrn.md) | 19680            | 31.2% | 48.7% | 20.1% | 55.6
| 24 | [BBQNRNKR](BoardAnalysis/bbqnrnkr.md) | 19690            | 30.9% | 49.4% | 19.7% | 55.6
| 25 | [BBQRKNNR](BoardAnalysis/bbqrknnr.md) | 19630            | 26.4% | 54.9% | 18.7% | 53.9
| 26 | [BBQRKNRN](BoardAnalysis/bbqrknrn.md) | 19620            | 29.7% | 49.7% | 20.5% | 54.6
| 27 | [BBQRKRNN](BoardAnalysis/bbqrkrnn.md) | 19620            | 31.2% | 51.7% | 17.1% | 57.0
| 28 | [BBQRNKNR](BoardAnalysis/bbqrnknr.md) | 19650            | 27.3% | 54.1% | 18.6% | 54.3
| 29 | [BBQRNKRN](BoardAnalysis/bbqrnkrn.md) | 19640            | 18.7% | 65.8% | 15.5% | 51.6
| 30 | [BBQRNNKR](BoardAnalysis/bbqrnnkr.md) | 19670            | 28.2% | 51.6% | 20.2% | 54.0
| 31 | [BBRKNNQR](BoardAnalysis/bbrknnqr.md) | 19620            | 27.1% | 55.9% | 17.0% | 55.0
| 32 | [BBRKNNRQ](BoardAnalysis/bbrknnrq.md) | 19620            | 37.0% | 45.3% | 17.7% | 59.7
| 33 | [BBRKNQNR](BoardAnalysis/bbrknqnr.md) | 19630            | 26.0% | 53.8% | 20.2% | 52.9
| 34 | [BBRKNQRN](BoardAnalysis/bbrknqrn.md) | 19620            | 27.7% | 55.3% | 17.0% | 55.3
| 35 | [BBRKNRNQ](BoardAnalysis/bbrknrnq.md) | 19620            | 38.1% | 45.5% | 16.4% | 60.8
| 36 | [BBRKNRQN](BoardAnalysis/bbrknrqn.md) | 19620            | 23.9% | 54.9% | 21.2% | 51.4
| 37 | [BBRKQNNR](BoardAnalysis/bbrkqnnr.md) | 19630            | 29.1% | 52.5% | 18.4% | 55.3
| 38 | [BBRKQNRN](BoardAnalysis/bbrkqnrn.md) | 19610            | 30.2% | 49.7% | 20.1% | 55.0
| 39 | [BBRKQRNN](BoardAnalysis/bbrkqrnn.md) | 19620            | 26.8% | 54.1% | 19.1% | 53.8
| 40 | [BBRKRNNQ](BoardAnalysis/bbrkrnnq.md) | 19630            | 37.6% | 47.3% | 15.1% | 61.2
| 41 | [BBRKRNQN](BoardAnalysis/bbrkrnqn.md) | 19630            | 25.9% | 54.4% | 19.7% | 53.1
| 42 | [BBRKRQNN](BoardAnalysis/bbrkrqnn.md) | 19630            | 26.8% | 55.8% | 17.4% | 54.7
| 43 | [BBRNKNQR](BoardAnalysis/bbrnknqr.md) | 19640            | 26.8% | 51.0% | 22.2% | 52.3
| 44 | [BBRNKNRQ](BoardAnalysis/bbrnknrq.md) | 19640            | 37.2% | 45.7% | 17.1% | 60.0
| 45 | [BBRNKQNR](BoardAnalysis/bbrnkqnr.md) | 19640            | 24.0% | 55.2% | 20.8% | 51.6
| 46 | [BBRNKQRN](BoardAnalysis/bbrnkqrn.md) | 19640            | 23.7% | 56.3% | 20.1% | 51.8
| 47 | [BBRNKRNQ](BoardAnalysis/bbrnkrnq.md) | 19630            | 25.5% | 53.7% | 20.8% | 52.3
| 48 | [BBRNKRQN](BoardAnalysis/bbrnkrqn.md) | 19630            | 29.9% | 52.1% | 17.9% | 56.0
| 49 | [BBRNNKQR](BoardAnalysis/bbrnnkqr.md) | 19650            | 26.8% | 52.9% | 20.3% | 53.3
| 50 | [BBRNNKRQ](BoardAnalysis/bbrnnkrq.md) | 19680            | 28.9% | 48.7% | 22.4% | 53.3
| 51 | [BBRNNQKR](BoardAnalysis/bbrnnqkr.md) | 19680            | 25.1% | 53.1% | 21.7% | 51.7
| 52 | [BBRNQKNR](BoardAnalysis/bbrnqknr.md) | 19640            | 24.1% | 55.6% | 20.3% | 51.9
| 53 | [BBRNQKRN](BoardAnalysis/bbrnqkrn.md) | 19640            | 37.8% | 44.1% | 18.0% | 59.9
| 54 | [BBRNQNKR](BoardAnalysis/bbrnqnkr.md) | 19660            | 31.4% | 47.4% | 21.2% | 55.1
| 55 | [BBRQKNNR](BoardAnalysis/bbrqknnr.md) | 19630            | 26.3% | 52.6% | 21.1% | 52.6
| 56 | [BBRQKNRN](BoardAnalysis/bbrqknrn.md) | 19620            | 36.0% | 46.5% | 17.5% | 59.3
| 57 | [BBRQKRNN](BoardAnalysis/bbrqkrnn.md) | 19610            | 39.6% | 44.7% | 15.7% | 62.0
| 58 | [BBRQNKNR](BoardAnalysis/bbrqnknr.md) | 19640            | 28.2% | 50.2% | 21.7% | 53.2
| 59 | [BBRQNKRN](BoardAnalysis/bbrqnkrn.md) | 19640            | 32.5% | 49.6% | 17.9% | 57.3
| 60 | [BBRQNNKR](BoardAnalysis/bbrqnnkr.md) | 19680            | 23.9% | 54.9% | 21.2% | 51.4
| 61 | [BNNBQRKR](BoardAnalysis/bnnbqrkr.md) | 19697            | 30.1% | 50.1% | 19.8% | 55.2
| 62 | [BNNBRKQR](BoardAnalysis/bnnbrkqr.md) | 19700            | 30.4% | 52.0% | 17.6% | 56.4
| 63 | [BNNBRKRQ](BoardAnalysis/bnnbrkrq.md) | 19710            | 31.7% | 50.6% | 17.7% | 57.0
| 64 | [BNNBRQKR](BoardAnalysis/bnnbrqkr.md) | 19700            | 27.3% | 54.0% | 18.7% | 54.3
| 65 | [BNNQRBKR](BoardAnalysis/bnnqrbkr.md) | 19690            | 23.3% | 56.7% | 20.0% | 51.6
| 66 | [BNNQRKRB](BoardAnalysis/bnnqrkrb.md) | 19690            | 23.2% | 58.4% | 18.4% | 52.4
| 67 | [BNNRKBQR](BoardAnalysis/bnnrkbqr.md) | 19700            | 25.5% | 53.9% | 20.7% | 52.4
| 68 | [BNNRKBRQ](BoardAnalysis/bnnrkbrq.md) | 19710            | 34.8% | 46.3% | 18.9% | 57.9
| 69 | [BNNRKQRB](BoardAnalysis/bnnrkqrb.md) | 19700            | 24.3% | 57.1% | 18.6% | 52.9
| 70 | [BNNRKRQB](BoardAnalysis/bnnrkrqb.md) | 19710            | 27.5% | 55.4% | 17.1% | 55.2
| 71 | [BNNRQBKR](BoardAnalysis/bnnrqbkr.md) | 19700            | 33.8% | 49.3% | 16.8% | 58.5
| 72 | [BNNRQKRB](BoardAnalysis/bnnrqkrb.md) | 19700            | 22.6% | 59.4% | 18.0% | 52.3
| 73 | [BNQBNRKR](BoardAnalysis/bnqbnrkr.md) | 19690            | 24.4% | 53.2% | 22.4% | 51.0
| 74 | [BNQBRKNR](BoardAnalysis/bnqbrknr.md) | 19700            | 26.1% | 53.8% | 20.2% | 52.9
| 75 | [BNQBRKRN](BoardAnalysis/bnqbrkrn.md) | 19690            | 30.6% | 50.3% | 19.1% | 55.8
| 76 | [BNQBRNKR](BoardAnalysis/bnqbrnkr.md) | 19700            | 28.4% | 52.8% | 18.8% | 54.8
| 77 | [BNQNRBKR](BoardAnalysis/bnqnrbkr.md) | 19690            | 30.5% | 51.9% | 17.6% | 56.5
| 78 | [BNQNRKRB](BoardAnalysis/bnqnrkrb.md) | 19690            | 24.4% | 57.1% | 18.5% | 52.9
| 79 | [BNQRKBNR](BoardAnalysis/bnqrkbnr.md) | 19700            | 21.6% | 60.1% | 18.3% | 51.6
| 80 | [BNQRKBRN](BoardAnalysis/bnqrkbrn.md) | 19690            | 26.7% | 55.6% | 17.7% | 54.5
| 81 | [BNQRKNRB](BoardAnalysis/bnqrknrb.md) | 19700            | 22.3% | 59.6% | 18.1% | 52.1
| 82 | [BNQRKRNB](BoardAnalysis/bnqrkrnb.md) | 19690            | 24.1% | 59.1% | 16.8% | 53.6
| 83 | [BNQRNBKR](BoardAnalysis/bnqrnbkr.md) | 19700            | 30.7% | 51.9% | 17.4% | 56.6
| 84 | [BNQRNKRB](BoardAnalysis/bnqrnkrb.md) | 19691            | 23.0% | 59.4% | 17.6% | 52.7
| 85 | [BNRBKNQR](BoardAnalysis/bnrbknqr.md) | 19680            | 25.7% | 53.0% | 21.3% | 52.2
| 86 | [BNRBKNRQ](BoardAnalysis/bnrbknrq.md) | 19690            | 29.0% | 52.4% | 18.6% | 55.2
| 87 | [BNRBKQNR](BoardAnalysis/bnrbkqnr.md) | 19690            | 27.4% | 52.8% | 19.8% | 53.8
| 88 | [BNRBKQRN](BoardAnalysis/bnrbkqrn.md) | 19690            | 23.8% | 59.3% | 17.0% | 53.4
| 89 | [BNRBKRNQ](BoardAnalysis/bnrbkrnq.md) | 19680            | 27.7% | 52.9% | 19.4% | 54.2
| 90 | [BNRBKRQN](BoardAnalysis/bnrbkrqn.md) | 19670            | 27.4% | 55.7% | 16.9% | 55.3
| 91 | [BNRBNKQR](BoardAnalysis/bnrbnkqr.md) | 19710            | 24.7% | 54.4% | 20.9% | 51.9
| 92 | [BNRBNKRQ](BoardAnalysis/bnrbnkrq.md) | 19690            | 33.5% | 49.6% | 16.9% | 58.3
| 93 | [BNRBNQKR](BoardAnalysis/bnrbnqkr.md) | 19700            | 27.5% | 54.7% | 17.8% | 54.9
| 94 | [BNRBQKNR](BoardAnalysis/bnrbqknr.md) | 19700            | 23.3% | 54.6% | 22.1% | 50.6
| 95 | [BNRBQKRN](BoardAnalysis/bnrbqkrn.md) | 19670            | 26.7% | 51.5% | 21.8% | 52.5
| 96 | [BNRBQNKR](BoardAnalysis/bnrbqnkr.md) | 19700            | 28.2% | 51.5% | 20.3% | 54.0
| 97 | [BNRKNBQR](BoardAnalysis/bnrknbqr.md) | 19680            | 25.9% | 53.7% | 20.4% | 52.7
| 98 | [BNRKNBRQ](BoardAnalysis/bnrknbrq.md) | 19690            | 30.7% | 50.9% | 18.3% | 56.2
| 99 | [BNRKNQRB](BoardAnalysis/bnrknqrb.md) | 19680            | 24.3% | 55.8% | 19.9% | 52.2
| 100 | [BNRKNRQB](BoardAnalysis/bnrknrqb.md) | 19690            | 20.2% | 62.6% | 17.3% | 51.5
| 101 | [BNRKQBNR](BoardAnalysis/bnrkqbnr.md) | 19690            | 25.1% | 56.0% | 18.9% | 53.1
| 102 | [BNRKQBRN](BoardAnalysis/bnrkqbrn.md) | 19680            | 23.7% | 58.1% | 18.3% | 52.7
| 103 | [BNRKQNRB](BoardAnalysis/bnrkqnrb.md) | 19690            | 27.0% | 55.4% | 17.6% | 54.7
| 104 | [BNRKQRNB](BoardAnalysis/bnrkqrnb.md) | 19680            | 23.5% | 57.0% | 19.5% | 52.0
| 105 | [BNRKRBNQ](BoardAnalysis/bnrkrbnq.md) | 19680            | 26.9% | 55.1% | 18.0% | 54.5
| 106 | [BNRKRBQN](BoardAnalysis/bnrkrbqn.md) | 19670            | 27.2% | 56.0% | 16.8% | 55.2
| 107 | [BNRKRNQB](BoardAnalysis/bnrkrnqb.md) | 19680            | 22.9% | 58.5% | 18.6% | 52.1
| 108 | [BNRKRQNB](BoardAnalysis/bnrkrqnb.md) | 19670            | 24.5% | 56.7% | 18.8% | 52.8
| 109 | [BNRNKBQR](BoardAnalysis/bnrnkbqr.md) | 19710            | 27.4% | 53.3% | 19.2% | 54.1
| 110 | [BNRNKBRQ](BoardAnalysis/bnrnkbrq.md) | 19690            | 33.1% | 48.4% | 18.4% | 57.4
| 111 | [BNRNKQRB](BoardAnalysis/bnrnkqrb.md) | 19710            | 25.7% | 54.9% | 19.4% | 53.1
| 112 | [BNRNKRQB](BoardAnalysis/bnrnkrqb.md) | 19690            | 25.5% | 53.3% | 21.2% | 52.1
| 113 | [BNRNQBKR](BoardAnalysis/bnrnqbkr.md) | 19700            | 30.5% | 51.3% | 18.1% | 56.2
| 114 | [BNRNQKRB](BoardAnalysis/bnrnqkrb.md) | 19700            | 27.1% | 55.5% | 17.5% | 54.8
| 115 | [BNRQKBNR](BoardAnalysis/bnrqkbnr.md) | 19700            | 19.1% | 63.9% | 17.0% | 51.0
| 116 | [BNRQKBRN](BoardAnalysis/bnrqkbrn.md) | 19670            | 27.2% | 54.9% | 17.9% | 54.7
| 117 | [BNRQKNRB](BoardAnalysis/bnrqknrb.md) | 19700            | 25.3% | 55.8% | 18.9% | 53.2
| 118 | [BNRQKRNB](BoardAnalysis/bnrqkrnb.md) | 19660            | 22.5% | 59.1% | 18.4% | 52.0
| 119 | [BNRQNBKR](BoardAnalysis/bnrqnbkr.md) | 19700            | 22.2% | 57.6% | 20.2% | 51.0
| 120 | [BNRQNKRB](BoardAnalysis/bnrqnkrb.md) | 19700            | 23.5% | 57.9% | 18.6% | 52.4
| 121 | [BQNBNRKR](BoardAnalysis/bqnbnrkr.md) | 19716            | 25.9% | 52.0% | 22.1% | 51.9
| 122 | [BQNBRKNR](BoardAnalysis/bqnbrknr.md) | 19698            | 31.8% | 48.8% | 19.4% | 56.2
| 123 | [BQNBRKRN](BoardAnalysis/bqnbrkrn.md) | 19680            | 33.2% | 48.7% | 18.1% | 57.6
| 124 | [BQNBRNKR](BoardAnalysis/bqnbrnkr.md) | 19690            | 27.5% | 51.1% | 21.4% | 53.0
| 125 | [BQNNRBKR](BoardAnalysis/bqnnrbkr.md) | 19716            | 27.6% | 53.1% | 19.3% | 54.1
| 126 | [BQNNRKRB](BoardAnalysis/bqnnrkrb.md) | 19716            | 26.0% | 56.1% | 17.9% | 54.0
| 127 | [BQNRKBNR](BoardAnalysis/bqnrkbnr.md) | 19690            | 21.9% | 59.1% | 19.1% | 51.4
| 128 | [BQNRKBRN](BoardAnalysis/bqnrkbrn.md) | 19680            | 30.1% | 50.9% | 19.0% | 55.5
| 129 | [BQNRKNRB](BoardAnalysis/bqnrknrb.md) | 19690            | 22.8% | 56.3% | 20.9% | 51.0
| 130 | [BQNRKRNB](BoardAnalysis/bqnrkrnb.md) | 19680            | 20.4% | 61.0% | 18.7% | 50.9
| 131 | [BQNRNBKR](BoardAnalysis/bqnrnbkr.md) | 19690            | 26.3% | 53.4% | 20.3% | 53.0
| 132 | [BQNRNKRB](BoardAnalysis/bqnrnkrb.md) | 19690            | 23.1% | 59.4% | 17.5% | 52.8
| 133 | [BQRBKNNR](BoardAnalysis/bqrbknnr.md) | 19630            | 24.7% | 56.4% | 19.0% | 52.9
| 134 | [BQRBKNRN](BoardAnalysis/bqrbknrn.md) | 19620            | 38.5% | 44.1% | 17.4% | 60.5
| 135 | [BQRBKRNN](BoardAnalysis/bqrbkrnn.md) | 19620            | 23.0% | 59.3% | 17.7% | 52.7
| 136 | [BQRBNKNR](BoardAnalysis/bqrbnknr.md) | 19640            | 21.5% | 59.8% | 18.7% | 51.4
| 137 | [BQRBNKRN](BoardAnalysis/bqrbnkrn.md) | 19640            | 25.4% | 56.2% | 18.4% | 53.5
| 138 | [BQRBNNKR](BoardAnalysis/bqrbnnkr.md) | 19670            | 25.3% | 55.4% | 19.3% | 53.0
| 139 | [BQRKNBNR](BoardAnalysis/bqrknbnr.md) | 19630            | 22.4% | 56.6% | 20.9% | 50.8
| 140 | [BQRKNBRN](BoardAnalysis/bqrknbrn.md) | 19620            | 27.2% | 53.7% | 19.1% | 54.0
| 141 | [BQRKNNRB](BoardAnalysis/bqrknnrb.md) | 19630            | 18.9% | 65.5% | 15.6% | 51.6
| 142 | [BQRKNRNB](BoardAnalysis/bqrknrnb.md) | 19620            | 23.5% | 57.6% | 18.9% | 52.3
| 143 | [BQRKRBNN](BoardAnalysis/bqrkrbnn.md) | 19620            | 28.6% | 51.1% | 20.3% | 54.2
| 144 | [BQRKRNNB](BoardAnalysis/bqrkrnnb.md) | 19620            | 26.4% | 55.4% | 18.3% | 54.0
| 145 | [BQRNKBNR](BoardAnalysis/bqrnkbnr.md) | 19640            | 24.7% | 55.3% | 20.0% | 52.4
| 146 | [BQRNKBRN](BoardAnalysis/bqrnkbrn.md) | 19640            | 35.7% | 48.4% | 15.9% | 59.9
| 147 | [BQRNKNRB](BoardAnalysis/bqrnknrb.md) | 19640            | 21.4% | 62.6% | 16.0% | 52.7
| 148 | [BQRNKRNB](BoardAnalysis/bqrnkrnb.md) | 19640            | 18.7% | 66.7% | 14.6% | 52.0
| 149 | [BQRNNBKR](BoardAnalysis/bqrnnbkr.md) | 19670            | 24.3% | 54.2% | 21.5% | 51.4
| 150 | [BQRNNKRB](BoardAnalysis/bqrnnkrb.md) | 19664            | 23.0% | 59.4% | 17.7% | 52.7
| 151 | [BRKBNNQR](BoardAnalysis/brkbnnqr.md) | 19620            | 26.3% | 54.2% | 19.4% | 53.5
| 152 | [BRKBNNRQ](BoardAnalysis/brkbnnrq.md) | 19620            | 23.8% | 56.3% | 19.9% | 52.0
| 153 | [BRKBNQNR](BoardAnalysis/brkbnqnr.md) | 19630            | 29.3% | 51.9% | 18.8% | 55.2
| 154 | [BRKBNQRN](BoardAnalysis/brkbnqrn.md) | 19620            | 25.8% | 55.9% | 18.3% | 53.7
| 155 | [BRKBNRNQ](BoardAnalysis/brkbnrnq.md) | 19620            | 28.5% | 54.0% | 17.6% | 55.5
| 156 | [BRKBNRQN](BoardAnalysis/brkbnrqn.md) | 19620            | 23.8% | 59.5% | 16.6% | 53.6
| 157 | [BRKBQNNR](BoardAnalysis/brkbqnnr.md) | 19630            | 28.6% | 52.2% | 19.2% | 54.7
| 158 | [BRKBQNRN](BoardAnalysis/brkbqnrn.md) | 19630            | 24.9% | 55.8% | 19.3% | 52.8
| 159 | [BRKBQRNN](BoardAnalysis/brkbqrnn.md) | 19619            | 31.7% | 52.9% | 15.4% | 58.1
| 160 | [BRKBRNNQ](BoardAnalysis/brkbrnnq.md) | 19628            | 30.7% | 53.6% | 15.7% | 57.5
| 161 | [BRKBRNQN](BoardAnalysis/brkbrnqn.md) | 19630            | 24.5% | 57.2% | 18.4% | 53.1
| 162 | [BRKBRQNN](BoardAnalysis/brkbrqnn.md) | 19630            | 25.4% | 55.1% | 19.5% | 53.0
| 163 | [BRKNNBQR](BoardAnalysis/brknnbqr.md) | 19620            | 26.4% | 55.4% | 18.2% | 54.1
| 164 | [BRKNNBRQ](BoardAnalysis/brknnbrq.md) | 19620            | 26.1% | 55.6% | 18.2% | 54.0
| 165 | [BRKNNQRB](BoardAnalysis/brknnqrb.md) | 19617            | 24.1% | 58.6% | 17.3% | 53.4
| 166 | [BRKNNRQB](BoardAnalysis/brknnrqb.md) | 19620            | 21.8% | 61.5% | 16.7% | 52.6
| 167 | [BRKNQBNR](BoardAnalysis/brknqbnr.md) | 19630            | 32.1% | 49.9% | 18.0% | 57.1
| 168 | [BRKNQBRN](BoardAnalysis/brknqbrn.md) | 19615            | 28.5% | 51.7% | 19.8% | 54.4
| 169 | [BRKNQNRB](BoardAnalysis/brknqnrb.md) | 19629            | 24.9% | 55.5% | 19.6% | 52.7
| 170 | [BRKNQRNB](BoardAnalysis/brknqrnb.md) | 19610            | 24.9% | 57.6% | 17.6% | 53.7
| 171 | [BRKNRBNQ](BoardAnalysis/brknrbnq.md) | 19620            | 28.4% | 51.2% | 20.4% | 54.0
| 172 | [BRKNRBQN](BoardAnalysis/brknrbqn.md) | 19620            | 24.6% | 56.9% | 18.5% | 53.1
| 173 | [BRKNRNQB](BoardAnalysis/brknrnqb.md) | 19620            | 28.4% | 54.7% | 16.9% | 55.7
| 174 | [BRKNRQNB](BoardAnalysis/brknrqnb.md) | 19620            | 23.5% | 57.7% | 18.8% | 52.4
| 175 | [BRKQNBNR](BoardAnalysis/brkqnbnr.md) | 19640            | 30.4% | 50.9% | 18.7% | 55.9
| 176 | [BRKQNBRN](BoardAnalysis/brkqnbrn.md) | 19624            | 25.0% | 53.8% | 21.3% | 51.8
| 177 | [BRKQNNRB](BoardAnalysis/brkqnnrb.md) | 19640            | 27.9% | 53.8% | 18.2% | 54.8
| 178 | [BRKQNRNB](BoardAnalysis/brkqnrnb.md) | 19620            | 27.9% | 52.9% | 19.2% | 54.3
| 179 | [BRKQRBNN](BoardAnalysis/brkqrbnn.md) | 19610            | 32.0% | 52.2% | 15.7% | 58.2
| 180 | [BRKQRNNB](BoardAnalysis/brkqrnnb.md) | 19610            | 24.9% | 57.6% | 17.5% | 53.7
| 181 | [BRKRNBNQ](BoardAnalysis/brkrnbnq.md) | 19630            | 28.9% | 52.1% | 19.1% | 54.9
| 182 | [BRKRNBQN](BoardAnalysis/brkrnbqn.md) | 19625            | 22.3% | 61.2% | 16.5% | 52.9
| 183 | [BRKRNNQB](BoardAnalysis/brkrnnqb.md) | 19630            | 23.8% | 58.1% | 18.1% | 52.8
| 184 | [BRKRNQNB](BoardAnalysis/brkrnqnb.md) | 19630            | 23.7% | 56.6% | 19.7% | 52.0
| 185 | [BRKRQBNN](BoardAnalysis/brkrqbnn.md) | 19630            | 24.5% | 57.5% | 18.1% | 53.2
| 186 | [BRKRQNNB](BoardAnalysis/brkrqnnb.md) | 19629            | 23.6% | 59.6% | 16.8% | 53.4
| 187 | [BRNBKNQR](BoardAnalysis/brnbknqr.md) | 19640            | 27.3% | 50.5% | 22.2% | 52.6
| 188 | [BRNBKNRQ](BoardAnalysis/brnbknrq.md) | 19640            | 27.0% | 55.4% | 17.6% | 54.7
| 189 | [BRNBKQNR](BoardAnalysis/brnbkqnr.md) | 19640            | 28.7% | 52.0% | 19.3% | 54.7
| 190 | [BRNBKQRN](BoardAnalysis/brnbkqrn.md) | 19633            | 27.8% | 54.5% | 17.7% | 55.1
| 191 | [BRNBKRNQ](BoardAnalysis/brnbkrnq.md) | 19630            | 27.0% | 52.0% | 20.9% | 53.1
| 192 | [BRNBKRQN](BoardAnalysis/brnbkrqn.md) | 19630            | 24.3% | 57.3% | 18.4% | 52.9
| 193 | [BRNBNKQR](BoardAnalysis/brnbnkqr.md) | 19650            | 24.9% | 55.1% | 20.0% | 52.5
| 194 | [BRNBNKRQ](BoardAnalysis/brnbnkrq.md) | 19680            | 34.5% | 48.0% | 17.6% | 58.4
| 195 | [BRNBNQKR](BoardAnalysis/brnbnqkr.md) | 19680            | 26.1% | 55.1% | 18.8% | 53.6
| 196 | [BRNBQKNR](BoardAnalysis/brnbqknr.md) | 19640            | 26.2% | 53.3% | 20.6% | 52.8
| 197 | [BRNBQKRN](BoardAnalysis/brnbqkrn.md) | 19638            | 28.1% | 51.4% | 20.6% | 53.7
| 198 | [BRNBQNKR](BoardAnalysis/brnbqnkr.md) | 19660            | 26.6% | 54.5% | 18.8% | 53.9
| 199 | [BRNKNBQR](BoardAnalysis/brnknbqr.md) | 19640            | 25.9% | 52.9% | 21.2% | 52.3
| 200 | [BRNKNBRQ](BoardAnalysis/brnknbrq.md) | 19640            | 28.3% | 53.1% | 18.6% | 54.9
| 201 | [BRNKNQRB](BoardAnalysis/brnknqrb.md) | 19640            | 23.4% | 58.5% | 18.1% | 52.6
| 202 | [BRNKNRQB](BoardAnalysis/brnknrqb.md) | 19640            | 18.3% | 65.0% | 16.8% | 50.7
| 203 | [BRNKQBNR](BoardAnalysis/brnkqbnr.md) | 19640            | 28.6% | 52.2% | 19.3% | 54.7
| 204 | [BRNKQBRN](BoardAnalysis/brnkqbrn.md) | 19630            | 28.1% | 52.9% | 19.0% | 54.6
| 205 | [BRNKQNRB](BoardAnalysis/brnkqnrb.md) | 19640            | 23.8% | 57.1% | 19.1% | 52.3
| 206 | [BRNKQRNB](BoardAnalysis/brnkqrnb.md) | 19630            | 23.8% | 57.5% | 18.7% | 52.5
| 207 | [BRNKRBNQ](BoardAnalysis/brnkrbnq.md) | 19630            | 29.9% | 51.0% | 19.1% | 55.4
| 208 | [BRNKRBQN](BoardAnalysis/brnkrbqn.md) | 19630            | 23.5% | 59.8% | 16.7% | 53.4
| 209 | [BRNKRNQB](BoardAnalysis/brnkrnqb.md) | 19630            | 21.9% | 58.3% | 19.9% | 51.0
| 210 | [BRNKRQNB](BoardAnalysis/brnkrqnb.md) | 19630            | 24.5% | 56.7% | 18.8% | 52.9
| 211 | [BRNNKBQR](BoardAnalysis/brnnkbqr.md) | 19650            | 34.8% | 47.5% | 17.7% | 58.6
| 212 | [BRNNKBRQ](BoardAnalysis/brnnkbrq.md) | 19680            | 23.4% | 57.6% | 19.0% | 52.2
| 213 | [BRNNKQRB](BoardAnalysis/brnnkqrb.md) | 19690            | 24.9% | 55.5% | 19.7% | 52.6
| 214 | [BRNNKRQB](BoardAnalysis/brnnkrqb.md) | 19680            | 19.8% | 64.1% | 16.0% | 51.9
| 215 | [BRNNQBKR](BoardAnalysis/brnnqbkr.md) | 19680            | 26.9% | 53.9% | 19.3% | 53.8
| 216 | [BRNNQKRB](BoardAnalysis/brnnqkrb.md) | 19680            | 27.1% | 56.8% | 16.1% | 55.5
| 217 | [BRNQKBNR](BoardAnalysis/brnqkbnr.md) | 19640            | 22.0% | 59.7% | 18.3% | 51.8
| 218 | [BRNQKBRN](BoardAnalysis/brnqkbrn.md) | 19630            | 31.3% | 49.3% | 19.4% | 56.0
| 219 | [BRNQKNRB](BoardAnalysis/brnqknrb.md) | 19640            | 22.1% | 57.9% | 20.0% | 51.0
| 220 | [BRNQKRNB](BoardAnalysis/brnqkrnb.md) | 19630            | 20.3% | 62.8% | 16.9% | 51.7
| 221 | [BRNQNBKR](BoardAnalysis/brnqnbkr.md) | 19660            | 22.7% | 57.2% | 20.2% | 51.3
| 222 | [BRNQNKRB](BoardAnalysis/brnqnkrb.md) | 19650            | 22.8% | 60.0% | 17.1% | 52.9
| 223 | [BRQBKNNR](BoardAnalysis/brqbknnr.md) | 19630            | 27.3% | 51.8% | 20.9% | 53.2
| 224 | [BRQBKNRN](BoardAnalysis/brqbknrn.md) | 19620            | 33.6% | 46.9% | 19.5% | 57.1
| 225 | [BRQBKRNN](BoardAnalysis/brqbkrnn.md) | 19628            | 26.9% | 54.7% | 18.4% | 54.3
| 226 | [BRQBNKNR](BoardAnalysis/brqbnknr.md) | 19640            | 20.6% | 61.7% | 17.7% | 51.4
| 227 | [BRQBNKRN](BoardAnalysis/brqbnkrn.md) | 19640            | 21.3% | 60.9% | 17.8% | 51.8
| 228 | [BRQBNNKR](BoardAnalysis/brqbnnkr.md) | 19680            | 23.2% | 57.1% | 19.7% | 51.8
| 229 | [BRQKNBNR](BoardAnalysis/brqknbnr.md) | 19630            | 22.4% | 58.8% | 18.8% | 51.8
| 230 | [BRQKNBRN](BoardAnalysis/brqknbrn.md) | 19620            | 23.4% | 57.8% | 18.8% | 52.3
| 231 | [BRQKNNRB](BoardAnalysis/brqknnrb.md) | 19640            | 24.4% | 57.6% | 18.0% | 53.2
| 232 | [BRQKNRNB](BoardAnalysis/brqknrnb.md) | 19620            | 24.6% | 56.2% | 19.2% | 52.7
| 233 | [BRQKRBNN](BoardAnalysis/brqkrbnn.md) | 19620            | 33.7% | 48.9% | 17.5% | 58.1
| 234 | [BRQKRNNB](BoardAnalysis/brqkrnnb.md) | 19620            | 31.6% | 50.4% | 18.0% | 56.8
| 235 | [BRQNKBNR](BoardAnalysis/brqnkbnr.md) | 19640            | 24.2% | 56.7% | 19.1% | 52.5
| 236 | [BRQNKBRN](BoardAnalysis/brqnkbrn.md) | 19640            | 31.0% | 49.3% | 19.7% | 55.6
| 237 | [BRQNKNRB](BoardAnalysis/brqnknrb.md) | 19640            | 24.1% | 58.1% | 17.8% | 53.1
| 238 | [BRQNKRNB](BoardAnalysis/brqnkrnb.md) | 19636            | 23.1% | 59.1% | 17.7% | 52.7
| 239 | [BRQNNBKR](BoardAnalysis/brqnnbkr.md) | 19680            | 25.2% | 53.7% | 21.1% | 52.1
| 240 | [BRQNNKRB](BoardAnalysis/brqnnkrb.md) | 19680            | 23.2% | 60.2% | 16.6% | 53.3
| 241 | [NBBNQRKR](BoardAnalysis/nbbnqrkr.md) | 19690            | 25.9% | 55.0% | 19.1% | 53.4
| 242 | [NBBNRKQR](BoardAnalysis/nbbnrkqr.md) | 19700            | 24.8% | 56.5% | 18.7% | 53.0
| 243 | [NBBNRKRQ](BoardAnalysis/nbbnrkrq.md) | 19710            | 26.7% | 53.5% | 19.8% | 53.5
| 244 | [NBBNRQKR](BoardAnalysis/nbbnrqkr.md) | 19700            | 25.0% | 57.2% | 17.9% | 53.6
| 245 | [NBBQNRKR](BoardAnalysis/nbbqnrkr.md) | 19690            | 22.6% | 58.0% | 19.4% | 51.6
| 246 | [NBBQRKNR](BoardAnalysis/nbbqrknr.md) | 19700            | 26.5% | 55.3% | 18.2% | 54.2
| 247 | [NBBQRKRN](BoardAnalysis/nbbqrkrn.md) | 19690            | 26.3% | 56.5% | 17.2% | 54.5
| 248 | [NBBQRNKR](BoardAnalysis/nbbqrnkr.md) | 19690            | 24.1% | 57.9% | 18.0% | 53.0
| 249 | [NBBRKNQR](BoardAnalysis/nbbrknqr.md) | 19680            | 27.4% | 53.0% | 19.6% | 53.9

----
# Sorted by Advantage for White

| Index | Board                            | # Played Matches        | White           | Draw           | Black           | Average points for White |
|:-----:|----------------------------------|:-----------------------:|:---------------:|:--------------:|:---------------:|:------------------------:|
| 57 | [BBRQKRNN](BoardAnalysis/bbrqkrnn.md) | 19610            | 39.6% | 44.7% | 15.7% | 62.0
| 13 | [BBNRKRNQ](BoardAnalysis/bbnrkrnq.md) | 19680            | 40.4% | 42.8% | 16.8% | 61.8
| 3 | [BBNNRKRQ](BoardAnalysis/bbnnrkrq.md) | 19690            | 40.4% | 41.8% | 17.8% | 61.3
| 40 | [BBRKRNNQ](BoardAnalysis/bbrkrnnq.md) | 19630            | 37.6% | 47.3% | 15.1% | 61.2
| 35 | [BBRKNRNQ](BoardAnalysis/bbrknrnq.md) | 19620            | 38.1% | 45.5% | 16.4% | 60.8
| 134 | [BQRBKNRN](BoardAnalysis/bqrbknrn.md) | 19620            | 38.5% | 44.1% | 17.4% | 60.5
| 44 | [BBRNKNRQ](BoardAnalysis/bbrnknrq.md) | 19640            | 37.2% | 45.7% | 17.1% | 60.0
| 53 | [BBRNQKRN](BoardAnalysis/bbrnqkrn.md) | 19640            | 37.8% | 44.1% | 18.0% | 59.9
| 146 | [BQRNKBRN](BoardAnalysis/bqrnkbrn.md) | 19640            | 35.7% | 48.4% | 15.9% | 59.9
| 1 | [BBNNQRKR](BoardAnalysis/bbnnqrkr.md) | 19700            | 37.3% | 45.0% | 17.7% | 59.8
| 32 | [BBRKNNRQ](BoardAnalysis/bbrknnrq.md) | 19620            | 37.0% | 45.3% | 17.7% | 59.7
| 56 | [BBRQKNRN](BoardAnalysis/bbrqknrn.md) | 19620            | 36.0% | 46.5% | 17.5% | 59.3
| 211 | [BRNNKBQR](BoardAnalysis/brnnkbqr.md) | 19650            | 34.8% | 47.5% | 17.7% | 58.6
| 71 | [BNNRQBKR](BoardAnalysis/bnnrqbkr.md) | 19700            | 33.8% | 49.3% | 16.8% | 58.5
| 16 | [BBNRNKRQ](BoardAnalysis/bbnrnkrq.md) | 19690            | 35.6% | 45.6% | 18.8% | 58.4
| 194 | [BRNBNKRQ](BoardAnalysis/brnbnkrq.md) | 19680            | 34.5% | 48.0% | 17.6% | 58.4
| 12 | [BBNRKQRN](BoardAnalysis/bbnrkqrn.md) | 19690            | 33.4% | 49.9% | 16.8% | 58.3
| 92 | [BNRBNKRQ](BoardAnalysis/bnrbnkrq.md) | 19690            | 33.5% | 49.6% | 16.9% | 58.3
| 179 | [BRKQRBNN](BoardAnalysis/brkqrbnn.md) | 19610            | 32.0% | 52.2% | 15.7% | 58.2
| 159 | [BRKBQRNN](BoardAnalysis/brkbqrnn.md) | 19619            | 31.7% | 52.9% | 15.4% | 58.1
| 233 | [BRQKRBNN](BoardAnalysis/brqkrbnn.md) | 19620            | 33.7% | 48.9% | 17.5% | 58.1
| 68 | [BNNRKBRQ](BoardAnalysis/bnnrkbrq.md) | 19710            | 34.8% | 46.3% | 18.9% | 57.9
| 123 | [BQNBRKRN](BoardAnalysis/bqnbrkrn.md) | 19680            | 33.2% | 48.7% | 18.1% | 57.6
| 160 | [BRKBRNNQ](BoardAnalysis/brkbrnnq.md) | 19628            | 30.7% | 53.6% | 15.7% | 57.5
| 110 | [BNRNKBRQ](BoardAnalysis/bnrnkbrq.md) | 19690            | 33.1% | 48.4% | 18.4% | 57.4
| 59 | [BBRQNKRN](BoardAnalysis/bbrqnkrn.md) | 19640            | 32.5% | 49.6% | 17.9% | 57.3
| 167 | [BRKNQBNR](BoardAnalysis/brknqbnr.md) | 19630            | 32.1% | 49.9% | 18.0% | 57.1
| 224 | [BRQBKNRN](BoardAnalysis/brqbknrn.md) | 19620            | 33.6% | 46.9% | 19.5% | 57.1
| 27 | [BBQRKRNN](BoardAnalysis/bbqrkrnn.md) | 19620            | 31.2% | 51.7% | 17.1% | 57.0
| 63 | [BNNBRKRQ](BoardAnalysis/bnnbrkrq.md) | 19710            | 31.7% | 50.6% | 17.7% | 57.0
| 234 | [BRQKRNNB](BoardAnalysis/brqkrnnb.md) | 19620            | 31.6% | 50.4% | 18.0% | 56.8
| 20 | [BBNRQNKR](BoardAnalysis/bbnrqnkr.md) | 19700            | 31.8% | 49.6% | 18.6% | 56.6
| 83 | [BNQRNBKR](BoardAnalysis/bnqrnbkr.md) | 19700            | 30.7% | 51.9% | 17.4% | 56.6
| 15 | [BBNRNKQR](BoardAnalysis/bbnrnkqr.md) | 19690            | 31.8% | 49.3% | 18.9% | 56.5
| 77 | [BNQNRBKR](BoardAnalysis/bnqnrbkr.md) | 19690            | 30.5% | 51.9% | 17.6% | 56.5
| 62 | [BNNBRKQR](BoardAnalysis/bnnbrkqr.md) | 19700            | 30.4% | 52.0% | 17.6% | 56.4
| 98 | [BNRKNBRQ](BoardAnalysis/bnrknbrq.md) | 19690            | 30.7% | 50.9% | 18.3% | 56.2
| 113 | [BNRNQBKR](BoardAnalysis/bnrnqbkr.md) | 19700            | 30.5% | 51.3% | 18.1% | 56.2
| 122 | [BQNBRKNR](BoardAnalysis/bqnbrknr.md) | 19698            | 31.8% | 48.8% | 19.4% | 56.2
| 18 | [BBNRQKNR](BoardAnalysis/bbnrqknr.md) | 19707            | 30.2% | 51.8% | 18.0% | 56.1
| 48 | [BBRNKRQN](BoardAnalysis/bbrnkrqn.md) | 19630            | 29.9% | 52.1% | 17.9% | 56.0
| 218 | [BRNQKBRN](BoardAnalysis/brnqkbrn.md) | 19630            | 31.3% | 49.3% | 19.4% | 56.0
| 2 | [BBNNRKQR](BoardAnalysis/bbnnrkqr.md) | 19709            | 31.5% | 48.8% | 19.7% | 55.9
| 175 | [BRKQNBNR](BoardAnalysis/brkqnbnr.md) | 19640            | 30.4% | 50.9% | 18.7% | 55.9
| 75 | [BNQBRKRN](BoardAnalysis/bnqbrkrn.md) | 19690            | 30.6% | 50.3% | 19.1% | 55.8
| 173 | [BRKNRNQB](BoardAnalysis/brknrnqb.md) | 19620            | 28.4% | 54.7% | 16.9% | 55.7
| 23 | [BBQNRKRN](BoardAnalysis/bbqnrkrn.md) | 19680            | 31.2% | 48.7% | 20.1% | 55.6
| 24 | [BBQNRNKR](BoardAnalysis/bbqnrnkr.md) | 19690            | 30.9% | 49.4% | 19.7% | 55.6
| 236 | [BRQNKBRN](BoardAnalysis/brqnkbrn.md) | 19640            | 31.0% | 49.3% | 19.7% | 55.6
| 128 | [BQNRKBRN](BoardAnalysis/bqnrkbrn.md) | 19680            | 30.1% | 50.9% | 19.0% | 55.5
| 155 | [BRKBNRNQ](BoardAnalysis/brkbnrnq.md) | 19620            | 28.5% | 54.0% | 17.6% | 55.5
| 216 | [BRNNQKRB](BoardAnalysis/brnnqkrb.md) | 19680            | 27.1% | 56.8% | 16.1% | 55.5
| 207 | [BRNKRBNQ](BoardAnalysis/brnkrbnq.md) | 19630            | 29.9% | 51.0% | 19.1% | 55.4
| 34 | [BBRKNQRN](BoardAnalysis/bbrknqrn.md) | 19620            | 27.7% | 55.3% | 17.0% | 55.3
| 37 | [BBRKQNNR](BoardAnalysis/bbrkqnnr.md) | 19630            | 29.1% | 52.5% | 18.4% | 55.3
| 90 | [BNRBKRQN](BoardAnalysis/bnrbkrqn.md) | 19670            | 27.4% | 55.7% | 16.9% | 55.3
| 17 | [BBNRNQKR](BoardAnalysis/bbnrnqkr.md) | 19707            | 29.2% | 52.1% | 18.8% | 55.2
| 61 | [BNNBQRKR](BoardAnalysis/bnnbqrkr.md) | 19697            | 30.1% | 50.1% | 19.8% | 55.2
| 70 | [BNNRKRQB](BoardAnalysis/bnnrkrqb.md) | 19710            | 27.5% | 55.4% | 17.1% | 55.2
| 86 | [BNRBKNRQ](BoardAnalysis/bnrbknrq.md) | 19690            | 29.0% | 52.4% | 18.6% | 55.2
| 106 | [BNRKRBQN](BoardAnalysis/bnrkrbqn.md) | 19670            | 27.2% | 56.0% | 16.8% | 55.2
| 153 | [BRKBNQNR](BoardAnalysis/brkbnqnr.md) | 19630            | 29.3% | 51.9% | 18.8% | 55.2
| 5 | [BBNQNRKR](BoardAnalysis/bbnqnrkr.md) | 19690            | 30.0% | 50.3% | 19.8% | 55.1
| 54 | [BBRNQNKR](BoardAnalysis/bbrnqnkr.md) | 19660            | 31.4% | 47.4% | 21.2% | 55.1
| 190 | [BRNBKQRN](BoardAnalysis/brnbkqrn.md) | 19633            | 27.8% | 54.5% | 17.7% | 55.1
| 31 | [BBRKNNQR](BoardAnalysis/bbrknnqr.md) | 19620            | 27.1% | 55.9% | 17.0% | 55.0
| 38 | [BBRKQNRN](BoardAnalysis/bbrkqnrn.md) | 19610            | 30.2% | 49.7% | 20.1% | 55.0
| 93 | [BNRBNQKR](BoardAnalysis/bnrbnqkr.md) | 19700            | 27.5% | 54.7% | 17.8% | 54.9
| 181 | [BRKRNBNQ](BoardAnalysis/brkrnbnq.md) | 19630            | 28.9% | 52.1% | 19.1% | 54.9
| 200 | [BRNKNBRQ](BoardAnalysis/brnknbrq.md) | 19640            | 28.3% | 53.1% | 18.6% | 54.9
| 76 | [BNQBRNKR](BoardAnalysis/bnqbrnkr.md) | 19700            | 28.4% | 52.8% | 18.8% | 54.8
| 114 | [BNRNQKRB](BoardAnalysis/bnrnqkrb.md) | 19700            | 27.1% | 55.5% | 17.5% | 54.8
| 177 | [BRKQNNRB](BoardAnalysis/brkqnnrb.md) | 19640            | 27.9% | 53.8% | 18.2% | 54.8
| 6 | [BBNQRKNR](BoardAnalysis/bbnqrknr.md) | 19700            | 28.8% | 51.7% | 19.5% | 54.7
| 42 | [BBRKRQNN](BoardAnalysis/bbrkrqnn.md) | 19630            | 26.8% | 55.8% | 17.4% | 54.7
| 103 | [BNRKQNRB](BoardAnalysis/bnrkqnrb.md) | 19690            | 27.0% | 55.4% | 17.6% | 54.7
| 116 | [BNRQKBRN](BoardAnalysis/bnrqkbrn.md) | 19670            | 27.2% | 54.9% | 17.9% | 54.7
| 157 | [BRKBQNNR](BoardAnalysis/brkbqnnr.md) | 19630            | 28.6% | 52.2% | 19.2% | 54.7
| 188 | [BRNBKNRQ](BoardAnalysis/brnbknrq.md) | 19640            | 27.0% | 55.4% | 17.6% | 54.7
| 189 | [BRNBKQNR](BoardAnalysis/brnbkqnr.md) | 19640            | 28.7% | 52.0% | 19.3% | 54.7
| 203 | [BRNKQBNR](BoardAnalysis/brnkqbnr.md) | 19640            | 28.6% | 52.2% | 19.3% | 54.7
| 4 | [BBNNRQKR](BoardAnalysis/bbnnrqkr.md) | 19700            | 30.1% | 49.1% | 20.9% | 54.6
| 26 | [BBQRKNRN](BoardAnalysis/bbqrknrn.md) | 19620            | 29.7% | 49.7% | 20.5% | 54.6
| 204 | [BRNKQBRN](BoardAnalysis/brnkqbrn.md) | 19630            | 28.1% | 52.9% | 19.0% | 54.6
| 9 | [BBNRKNQR](BoardAnalysis/bbnrknqr.md) | 19680            | 29.2% | 50.6% | 20.2% | 54.5
| 10 | [BBNRKNRQ](BoardAnalysis/bbnrknrq.md) | 19690            | 31.4% | 46.2% | 22.4% | 54.5
| 80 | [BNQRKBRN](BoardAnalysis/bnqrkbrn.md) | 19690            | 26.7% | 55.6% | 17.7% | 54.5
| 105 | [BNRKRBNQ](BoardAnalysis/bnrkrbnq.md) | 19680            | 26.9% | 55.1% | 18.0% | 54.5
| 247 | [NBBQRKRN](BoardAnalysis/nbbqrkrn.md) | 19690            | 26.3% | 56.5% | 17.2% | 54.5
| 14 | [BBNRKRQN](BoardAnalysis/bbnrkrqn.md) | 19670            | 27.1% | 54.6% | 18.4% | 54.4
| 168 | [BRKNQBRN](BoardAnalysis/brknqbrn.md) | 19615            | 28.5% | 51.7% | 19.8% | 54.4
| 28 | [BBQRNKNR](BoardAnalysis/bbqrnknr.md) | 19650            | 27.3% | 54.1% | 18.6% | 54.3
| 64 | [BNNBRQKR](BoardAnalysis/bnnbrqkr.md) | 19700            | 27.3% | 54.0% | 18.7% | 54.3
| 178 | [BRKQNRNB](BoardAnalysis/brkqnrnb.md) | 19620            | 27.9% | 52.9% | 19.2% | 54.3
| 225 | [BRQBKRNN](BoardAnalysis/brqbkrnn.md) | 19628            | 26.9% | 54.7% | 18.4% | 54.3
| 89 | [BNRBKRNQ](BoardAnalysis/bnrbkrnq.md) | 19680            | 27.7% | 52.9% | 19.4% | 54.2
| 143 | [BQRKRBNN](BoardAnalysis/bqrkrbnn.md) | 19620            | 28.6% | 51.1% | 20.3% | 54.2
| 246 | [NBBQRKNR](BoardAnalysis/nbbqrknr.md) | 19700            | 26.5% | 55.3% | 18.2% | 54.2
| 109 | [BNRNKBQR](BoardAnalysis/bnrnkbqr.md) | 19710            | 27.4% | 53.3% | 19.2% | 54.1
| 125 | [BQNNRBKR](BoardAnalysis/bqnnrbkr.md) | 19716            | 27.6% | 53.1% | 19.3% | 54.1
| 163 | [BRKNNBQR](BoardAnalysis/brknnbqr.md) | 19620            | 26.4% | 55.4% | 18.2% | 54.1
| 30 | [BBQRNNKR](BoardAnalysis/bbqrnnkr.md) | 19670            | 28.2% | 51.6% | 20.2% | 54.0
| 96 | [BNRBQNKR](BoardAnalysis/bnrbqnkr.md) | 19700            | 28.2% | 51.5% | 20.3% | 54.0
| 126 | [BQNNRKRB](BoardAnalysis/bqnnrkrb.md) | 19716            | 26.0% | 56.1% | 17.9% | 54.0
| 140 | [BQRKNBRN](BoardAnalysis/bqrknbrn.md) | 19620            | 27.2% | 53.7% | 19.1% | 54.0
| 144 | [BQRKRNNB](BoardAnalysis/bqrkrnnb.md) | 19620            | 26.4% | 55.4% | 18.3% | 54.0
| 164 | [BRKNNBRQ](BoardAnalysis/brknnbrq.md) | 19620            | 26.1% | 55.6% | 18.2% | 54.0
| 171 | [BRKNRBNQ](BoardAnalysis/brknrbnq.md) | 19620            | 28.4% | 51.2% | 20.4% | 54.0
| 25 | [BBQRKNNR](BoardAnalysis/bbqrknnr.md) | 19630            | 26.4% | 54.9% | 18.7% | 53.9
| 198 | [BRNBQNKR](BoardAnalysis/brnbqnkr.md) | 19660            | 26.6% | 54.5% | 18.8% | 53.9
| 249 | [NBBRKNQR](BoardAnalysis/nbbrknqr.md) | 19680            | 27.4% | 53.0% | 19.6% | 53.9
| 39 | [BBRKQRNN](BoardAnalysis/bbrkqrnn.md) | 19620            | 26.8% | 54.1% | 19.1% | 53.8
| 87 | [BNRBKQNR](BoardAnalysis/bnrbkqnr.md) | 19690            | 27.4% | 52.8% | 19.8% | 53.8
| 215 | [BRNNQBKR](BoardAnalysis/brnnqbkr.md) | 19680            | 26.9% | 53.9% | 19.3% | 53.8
| 154 | [BRKBNQRN](BoardAnalysis/brkbnqrn.md) | 19620            | 25.8% | 55.9% | 18.3% | 53.7
| 170 | [BRKNQRNB](BoardAnalysis/brknqrnb.md) | 19610            | 24.9% | 57.6% | 17.6% | 53.7
| 180 | [BRKQRNNB](BoardAnalysis/brkqrnnb.md) | 19610            | 24.9% | 57.6% | 17.5% | 53.7
| 197 | [BRNBQKRN](BoardAnalysis/brnbqkrn.md) | 19638            | 28.1% | 51.4% | 20.6% | 53.7
| 82 | [BNQRKRNB](BoardAnalysis/bnqrkrnb.md) | 19690            | 24.1% | 59.1% | 16.8% | 53.6
| 156 | [BRKBNRQN](BoardAnalysis/brkbnrqn.md) | 19620            | 23.8% | 59.5% | 16.6% | 53.6
| 195 | [BRNBNQKR](BoardAnalysis/brnbnqkr.md) | 19680            | 26.1% | 55.1% | 18.8% | 53.6
| 244 | [NBBNRQKR](BoardAnalysis/nbbnrqkr.md) | 19700            | 25.0% | 57.2% | 17.9% | 53.6
| 137 | [BQRBNKRN](BoardAnalysis/bqrbnkrn.md) | 19640            | 25.4% | 56.2% | 18.4% | 53.5
| 151 | [BRKBNNQR](BoardAnalysis/brkbnnqr.md) | 19620            | 26.3% | 54.2% | 19.4% | 53.5
| 243 | [NBBNRKRQ](BoardAnalysis/nbbnrkrq.md) | 19710            | 26.7% | 53.5% | 19.8% | 53.5
| 88 | [BNRBKQRN](BoardAnalysis/bnrbkqrn.md) | 19690            | 23.8% | 59.3% | 17.0% | 53.4
| 165 | [BRKNNQRB](BoardAnalysis/brknnqrb.md) | 19617            | 24.1% | 58.6% | 17.3% | 53.4
| 186 | [BRKRQNNB](BoardAnalysis/brkrqnnb.md) | 19629            | 23.6% | 59.6% | 16.8% | 53.4
| 208 | [BRNKRBQN](BoardAnalysis/brnkrbqn.md) | 19630            | 23.5% | 59.8% | 16.7% | 53.4
| 241 | [NBBNQRKR](BoardAnalysis/nbbnqrkr.md) | 19690            | 25.9% | 55.0% | 19.1% | 53.4
| 49 | [BBRNNKQR](BoardAnalysis/bbrnnkqr.md) | 19650            | 26.8% | 52.9% | 20.3% | 53.3
| 50 | [BBRNNKRQ](BoardAnalysis/bbrnnkrq.md) | 19680            | 28.9% | 48.7% | 22.4% | 53.3
| 240 | [BRQNNKRB](BoardAnalysis/brqnnkrb.md) | 19680            | 23.2% | 60.2% | 16.6% | 53.3
| 58 | [BBRQNKNR](BoardAnalysis/bbrqnknr.md) | 19640            | 28.2% | 50.2% | 21.7% | 53.2
| 117 | [BNRQKNRB](BoardAnalysis/bnrqknrb.md) | 19700            | 25.3% | 55.8% | 18.9% | 53.2
| 185 | [BRKRQBNN](BoardAnalysis/brkrqbnn.md) | 19630            | 24.5% | 57.5% | 18.1% | 53.2
| 223 | [BRQBKNNR](BoardAnalysis/brqbknnr.md) | 19630            | 27.3% | 51.8% | 20.9% | 53.2
| 231 | [BRQKNNRB](BoardAnalysis/brqknnrb.md) | 19640            | 24.4% | 57.6% | 18.0% | 53.2
| 8 | [BBNQRNKR](BoardAnalysis/bbnqrnkr.md) | 19700            | 27.8% | 50.6% | 21.5% | 53.1
| 41 | [BBRKRNQN](BoardAnalysis/bbrkrnqn.md) | 19630            | 25.9% | 54.4% | 19.7% | 53.1
| 101 | [BNRKQBNR](BoardAnalysis/bnrkqbnr.md) | 19690            | 25.1% | 56.0% | 18.9% | 53.1
| 111 | [BNRNKQRB](BoardAnalysis/bnrnkqrb.md) | 19710            | 25.7% | 54.9% | 19.4% | 53.1
| 161 | [BRKBRNQN](BoardAnalysis/brkbrnqn.md) | 19630            | 24.5% | 57.2% | 18.4% | 53.1
| 172 | [BRKNRBQN](BoardAnalysis/brknrbqn.md) | 19620            | 24.6% | 56.9% | 18.5% | 53.1
| 191 | [BRNBKRNQ](BoardAnalysis/brnbkrnq.md) | 19630            | 27.0% | 52.0% | 20.9% | 53.1
| 237 | [BRQNKNRB](BoardAnalysis/brqnknrb.md) | 19640            | 24.1% | 58.1% | 17.8% | 53.1
| 124 | [BQNBRNKR](BoardAnalysis/bqnbrnkr.md) | 19690            | 27.5% | 51.1% | 21.4% | 53.0
| 131 | [BQNRNBKR](BoardAnalysis/bqnrnbkr.md) | 19690            | 26.3% | 53.4% | 20.3% | 53.0
| 138 | [BQRBNNKR](BoardAnalysis/bqrbnnkr.md) | 19670            | 25.3% | 55.4% | 19.3% | 53.0
| 162 | [BRKBRQNN](BoardAnalysis/brkbrqnn.md) | 19630            | 25.4% | 55.1% | 19.5% | 53.0
| 242 | [NBBNRKQR](BoardAnalysis/nbbnrkqr.md) | 19700            | 24.8% | 56.5% | 18.7% | 53.0
| 248 | [NBBQRNKR](BoardAnalysis/nbbqrnkr.md) | 19690            | 24.1% | 57.9% | 18.0% | 53.0
| 33 | [BBRKNQNR](BoardAnalysis/bbrknqnr.md) | 19630            | 26.0% | 53.8% | 20.2% | 52.9
| 69 | [BNNRKQRB](BoardAnalysis/bnnrkqrb.md) | 19700            | 24.3% | 57.1% | 18.6% | 52.9
| 74 | [BNQBRKNR](BoardAnalysis/bnqbrknr.md) | 19700            | 26.1% | 53.8% | 20.2% | 52.9
| 78 | [BNQNRKRB](BoardAnalysis/bnqnrkrb.md) | 19690            | 24.4% | 57.1% | 18.5% | 52.9
| 133 | [BQRBKNNR](BoardAnalysis/bqrbknnr.md) | 19630            | 24.7% | 56.4% | 19.0% | 52.9
| 182 | [BRKRNBQN](BoardAnalysis/brkrnbqn.md) | 19625            | 22.3% | 61.2% | 16.5% | 52.9
| 192 | [BRNBKRQN](BoardAnalysis/brnbkrqn.md) | 19630            | 24.3% | 57.3% | 18.4% | 52.9
| 210 | [BRNKRQNB](BoardAnalysis/brnkrqnb.md) | 19630            | 24.5% | 56.7% | 18.8% | 52.9
