# Opening Analysis for Chess960: Results

| Board                            | # Played Matches        | White           | Draw           | Black           |
|----------------------------------|:-----------------------:|:---------------:|:--------------:|:---------------:|
| [BBNNQRKR](BoardAnalysis/bbnnqrkr.md) | 2000            | 43.7% | 28.2% | 28.2% |
| [BBNNRKQR](BoardAnalysis/bbnnrkqr.md) | 2000            | 41.0% | 29.3% | 29.6% |
| [BBNNRKRQ](BoardAnalysis/bbnnrkrq.md) | 2000            | 48.0% | 23.0% | 29.0% |
| [BBNNRQKR](BoardAnalysis/bbnnrqkr.md) | 2000            | 38.4% | 27.6% | 34.0% |
| [BBNQNRKR](BoardAnalysis/bbnqnrkr.md) | 2000            | 39.1% | 29.8% | 31.0% |
| [BBNQRKNR](BoardAnalysis/bbnqrknr.md) | 2000            | 40.3% | 28.5% | 31.2% |
| [BBNQRKRN](BoardAnalysis/bbnqrkrn.md) | 2000            | 39.4% | 30.2% | 30.4% |
| [BBNQRNKR](BoardAnalysis/bbnqrnkr.md) | 2000            | 40.5% | 27.4% | 32.2% |
| [BBNRKNQR](BoardAnalysis/bbnrknqr.md) | 2000            | 38.3% | 29.6% | 32.2% |
| [BBNRKNRQ](BoardAnalysis/bbnrknrq.md) | 2000            | 43.6% | 26.0% | 30.4% |
| [BBNRKQNR](BoardAnalysis/bbnrkqnr.md) | 2000            | 36.8% | 31.2% | 32.0% |
| [BBNRKQRN](BoardAnalysis/bbnrkqrn.md) | 2000            | 42.3% | 28.2% | 29.6% |
| [BBNRKRNQ](BoardAnalysis/bbnrkrnq.md) | 2000            | 47.2% | 24.8% | 28.0% |
| [BBNRKRQN](BoardAnalysis/bbnrkrqn.md) | 2000            | 41.4% | 29.0% | 29.6% |
| [BBNRNKQR](BoardAnalysis/bbnrnkqr.md) | 2000            | 43.0% | 27.0% | 30.1% |
| [BBNRNKRQ](BoardAnalysis/bbnrnkrq.md) | 2000            | 44.4% | 26.3% | 29.2% |
| [BBNRNQKR](BoardAnalysis/bbnrnqkr.md) | 2000            | 41.7% | 29.7% | 28.6% |
| [BBNRQKNR](BoardAnalysis/bbnrqknr.md) | 2000            | 43.1% | 30.3% | 26.6% |
| [BBNRQKRN](BoardAnalysis/bbnrqkrn.md) | 2000            | 36.2% | 33.2% | 30.6% |
| [BBNRQNKR](BoardAnalysis/bbnrqnkr.md) | 2000            | 41.4% | 30.4% | 28.2% |
| [BBQNNRKR](BoardAnalysis/bbqnnrkr.md) | 2000            | 34.6% | 30.8% | 34.6% |
| [BBQNRKNR](BoardAnalysis/bbqnrknr.md) | 2000            | 36.8% | 29.0% | 34.2% |
| [BBQNRKRN](BoardAnalysis/bbqnrkrn.md) | 2000            | 42.0% | 26.2% | 31.8% |
| [BBQNRNKR](BoardAnalysis/bbqnrnkr.md) | 2000            | 41.4% | 27.0% | 31.6% |
| [BBQRKNNR](BoardAnalysis/bbqrknnr.md) | 2000            | 40.8% | 29.3% | 29.9% |
| [BBQRKNRN](BoardAnalysis/bbqrknrn.md) | 2000            | 39.0% | 29.6% | 31.4% |
| [BBQRKRNN](BoardAnalysis/bbqrkrnn.md) | 2000            | 44.6% | 28.9% | 26.5% |
| [BBQRNKNR](BoardAnalysis/bbqrnknr.md) | 2000            | 39.9% | 30.3% | 29.8% |
| [BBQRNKRN](BoardAnalysis/bbqrnkrn.md) | 2000            | 35.2% | 36.2% | 28.6% |
| [BBQRNNKR](BoardAnalysis/bbqrnnkr.md) | 2000            | 39.4% | 30.3% | 30.4% |
| [BBRKNNQR](BoardAnalysis/bbrknnqr.md) | 2000            | 39.4% | 30.9% | 29.8% |
| [BBRKNNRQ](BoardAnalysis/bbrknnrq.md) | 2000            | 47.4% | 25.8% | 26.8% |
| [BBRKNQNR](BoardAnalysis/bbrknqnr.md) | 2000            | 38.0% | 30.0% | 32.0% |
| [BBRKNQRN](BoardAnalysis/bbrknqrn.md) | 2000            | 38.8% | 34.3% | 27.0% |
| [BBRKNRNQ](BoardAnalysis/bbrknrnq.md) | 2000            | 42.4% | 28.2% | 29.3% |
| [BBRKNRQN](BoardAnalysis/bbrknrqn.md) | 2000            | 35.6% | 31.6% | 32.9% |
| [BBRKQNNR](BoardAnalysis/bbrkqnnr.md) | 2000            | 42.8% | 28.3% | 28.8% |
| [BBRKQNRN](BoardAnalysis/bbrkqnrn.md) | 2000            | 42.2% | 28.4% | 29.3% |
| [BBRKQRNN](BoardAnalysis/bbrkqrnn.md) | 2000            | 37.5% | 32.2% | 30.3% |
| [BBRKRNNQ](BoardAnalysis/bbrkrnnq.md) | 2000            | 46.5% | 29.4% | 24.2% |
| [BBRKRNQN](BoardAnalysis/bbrkrnqn.md) | 2000            | 40.6% | 30.0% | 29.4% |
| [BBRKRQNN](BoardAnalysis/bbrkrqnn.md) | 2000            | 37.5% | 33.4% | 29.1% |
| [BBRNKNQR](BoardAnalysis/bbrnknqr.md) | 2000            | 38.0% | 27.8% | 34.2% |
| [BBRNKNRQ](BoardAnalysis/bbrnknrq.md) | 2000            | 45.2% | 26.0% | 28.8% |
| [BBRNKQNR](BoardAnalysis/bbrnkqnr.md) | 2000            | 36.2% | 29.8% | 34.0% |
| [BBRNKQRN](BoardAnalysis/bbrnkqrn.md) | 2000            | 39.6% | 30.6% | 29.8% |
| [BBRNKRNQ](BoardAnalysis/bbrnkrnq.md) | 2000            | 37.8% | 28.9% | 33.2% |
| [BBRNKRQN](BoardAnalysis/bbrnkrqn.md) | 2000            | 41.8% | 28.6% | 29.5% |
| [BBRNNKQR](BoardAnalysis/bbrnnkqr.md) | 2000            | 40.2% | 29.2% | 30.7% |
| [BBRNNKRQ](BoardAnalysis/bbrnnkrq.md) | 2000            | 40.8% | 26.8% | 32.4% |
| [BBRNNQKR](BoardAnalysis/bbrnnqkr.md) | 2000            | 37.6% | 28.0% | 34.4% |
| [BBRNQKNR](BoardAnalysis/bbrnqknr.md) | 2000            | 38.0% | 29.1% | 33.0% |
| [BBRNQKRN](BoardAnalysis/bbrnqkrn.md) | 2000            | 47.0% | 25.5% | 27.6% |
| [BBRNQNKR](BoardAnalysis/bbrnqnkr.md) | 2000            | 43.0% | 25.6% | 31.4% |
| [BBRQKNNR](BoardAnalysis/bbrqknnr.md) | 2000            | 42.2% | 26.0% | 31.8% |
| [BBRQKNRN](BoardAnalysis/bbrqknrn.md) | 2000            | 45.3% | 26.7% | 28.0% |
| [BBRQKRNN](BoardAnalysis/bbrqkrnn.md) | 2000            | 45.6% | 28.8% | 25.6% |
| [BBRQNKNR](BoardAnalysis/bbrqnknr.md) | 2000            | 39.2% | 27.8% | 33.0% |
| [BBRQNKRN](BoardAnalysis/bbrqnkrn.md) | 2000            | 47.2% | 27.0% | 25.8% |
| [BBRQNNKR](BoardAnalysis/bbrqnnkr.md) | 2000            | 37.8% | 29.4% | 32.9% |
| [BNNBQRKR](BoardAnalysis/bnnbqrkr.md) | 2000            | 39.0% | 31.4% | 29.6% |
| [BNNBRKQR](BoardAnalysis/bnnbrkqr.md) | 2000            | 42.6% | 28.6% | 28.8% |
| [BNNBRKRQ](BoardAnalysis/bnnbrkrq.md) | 2000            | 42.2% | 27.4% | 30.3% |
| [BNNBRQKR](BoardAnalysis/bnnbrqkr.md) | 2000            | 38.6% | 32.4% | 29.0% |
| [BNNQRBKR](BoardAnalysis/bnnqrbkr.md) | 2000            | 37.2% | 32.4% | 30.5% |
| [BNNQRKRB](BoardAnalysis/bnnqrkrb.md) | 2000            | 36.0% | 35.5% | 28.4% |
| [BNNRKBQR](BoardAnalysis/bnnrkbqr.md) | 2000            | 35.2% | 31.3% | 33.5% |
| [BNNRKBRQ](BoardAnalysis/bnnrkbrq.md) | 2000            | 40.7% | 28.2% | 31.1% |
| [BNNRKQRB](BoardAnalysis/bnnrkqrb.md) | 2000            | 36.6% | 34.0% | 29.4% |
| [BNNRKRQB](BoardAnalysis/bnnrkrqb.md) | 2000            | 38.6% | 32.2% | 29.2% |
| [BNNRQBKR](BoardAnalysis/bnnrqbkr.md) | 2000            | 41.8% | 30.3% | 28.0% |
| [BNNRQKRB](BoardAnalysis/bnnrqkrb.md) | 2000            | 35.2% | 36.8% | 28.0% |
| [BNQBNRKR](BoardAnalysis/bnqbnrkr.md) | 2000            | 37.6% | 29.4% | 33.0% |
| [BNQBRKNR](BoardAnalysis/bnqbrknr.md) | 2000            | 37.2% | 31.9% | 30.8% |
| [BNQBRKRN](BoardAnalysis/bnqbrkrn.md) | 2000            | 40.2% | 28.5% | 31.4% |
| [BNQBRNKR](BoardAnalysis/bnqbrnkr.md) | 2000            | 38.4% | 30.2% | 31.4% |
| [BNQNRBKR](BoardAnalysis/bnqnrbkr.md) | 2000            | 42.0% | 30.4% | 27.6% |
| [BNQNRKRB](BoardAnalysis/bnqnrkrb.md) | 2000            | 36.8% | 33.8% | 29.4% |
| [BNQRKBNR](BoardAnalysis/bnqrkbnr.md) | 2000            | 34.0% | 35.6% | 30.5% |
| [BNQRKBRN](BoardAnalysis/bnqrkbrn.md) | 2000            | 42.8% | 28.7% | 28.5% |
| [BNQRKNRB](BoardAnalysis/bnqrknrb.md) | 2000            | 36.8% | 32.7% | 30.6% |
| [BNQRKRNB](BoardAnalysis/bnqrkrnb.md) | 2000            | 38.2% | 35.8% | 26.0% |
| [BNQRNBKR](BoardAnalysis/bnqrnbkr.md) | 2000            | 38.4% | 32.6% | 29.0% |
| [BNQRNKRB](BoardAnalysis/bnqrnkrb.md) | 2000            | 36.3% | 34.7% | 29.0% |
| [BNRBKNQR](BoardAnalysis/bnrbknqr.md) | 2000            | 39.1% | 27.8% | 33.2% |
| [BNRBKNRQ](BoardAnalysis/bnrbknrq.md) | 2000            | 41.9% | 28.0% | 30.0% |
| [BNRBKQNR](BoardAnalysis/bnrbkqnr.md) | 2000            | 37.4% | 29.3% | 33.2% |
| [BNRBKQRN](BoardAnalysis/bnrbkqrn.md) | 2000            | 35.6% | 34.8% | 29.6% |
| [BNRBKRNQ](BoardAnalysis/bnrbkrnq.md) | 2000            | 39.0% | 29.4% | 31.6% |
| [BNRBKRQN](BoardAnalysis/bnrbkrqn.md) | 2000            | 37.7% | 33.6% | 28.7% |
| [BNRBNKQR](BoardAnalysis/bnrbnkqr.md) | 2000            | 38.3% | 30.8% | 31.0% |
| [BNRBNKRQ](BoardAnalysis/bnrbnkrq.md) | 2000            | 42.4% | 30.4% | 27.2% |
| [BNRBNQKR](BoardAnalysis/bnrbnqkr.md) | 2000            | 37.1% | 32.0% | 30.8% |
| [BNRBQKNR](BoardAnalysis/bnrbqknr.md) | 2000            | 34.2% | 31.8% | 34.1% |
| [BNRBQKRN](BoardAnalysis/bnrbqkrn.md) | 2000            | 39.8% | 28.1% | 32.2% |
| [BNRBQNKR](BoardAnalysis/bnrbqnkr.md) | 2000            | 39.3% | 28.9% | 31.8% |
| [BNRKNBQR](BoardAnalysis/bnrknbqr.md) | 2000            | 35.4% | 31.8% | 32.8% |
| [BNRKNBRQ](BoardAnalysis/bnrknbrq.md) | 2000            | 40.8% | 29.1% | 30.2% |
| [BNRKNQRB](BoardAnalysis/bnrknqrb.md) | 2000            | 37.2% | 33.1% | 29.8% |
| [BNRKNRQB](BoardAnalysis/bnrknrqb.md) | 2000            | 35.2% | 34.0% | 30.7% |
| [BNRKQBNR](BoardAnalysis/bnrkqbnr.md) | 2000            | 36.5% | 34.6% | 29.0% |
| [BNRKQBRN](BoardAnalysis/bnrkqbrn.md) | 2000            | 36.6% | 34.4% | 29.0% |
| [BNRKQNRB](BoardAnalysis/bnrkqnrb.md) | 2000            | 38.6% | 31.2% | 30.2% |
| [BNRKQRNB](BoardAnalysis/bnrkqrnb.md) | 2000            | 34.6% | 36.6% | 28.8% |
| [BNRKRBNQ](BoardAnalysis/bnrkrbnq.md) | 2000            | 38.7% | 32.7% | 28.6% |
| [BNRKRBQN](BoardAnalysis/bnrkrbqn.md) | 2000            | 37.8% | 33.9% | 28.3% |
| [BNRKRNQB](BoardAnalysis/bnrkrnqb.md) | 2000            | 35.6% | 32.8% | 31.6% |
| [BNRKRQNB](BoardAnalysis/bnrkrqnb.md) | 2000            | 36.2% | 35.5% | 28.3% |
| [BNRNKBQR](BoardAnalysis/bnrnkbqr.md) | 2000            | 39.2% | 30.0% | 30.8% |
| [BNRNKBRQ](BoardAnalysis/bnrnkbrq.md) | 2000            | 40.1% | 27.7% | 32.2% |
| [BNRNKQRB](BoardAnalysis/bnrnkqrb.md) | 2000            | 34.6% | 34.2% | 31.3% |
| [BNRNKRQB](BoardAnalysis/bnrnkrqb.md) | 2000            | 36.9% | 31.0% | 32.1% |
| [BNRNQBKR](BoardAnalysis/bnrnqbkr.md) | 2000            | 38.9% | 31.0% | 30.2% |
| [BNRNQKRB](BoardAnalysis/bnrnqkrb.md) | 2000            | 40.7% | 31.3% | 28.0% |
| [BNRQKBNR](BoardAnalysis/bnrqkbnr.md) | 2000            | 34.2% | 36.7% | 29.0% |
| [BNRQKBRN](BoardAnalysis/bnrqkbrn.md) | 2000            | 39.6% | 29.6% | 30.8% |
| [BNRQKNRB](BoardAnalysis/bnrqknrb.md) | 2000            | 36.1% | 34.5% | 29.4% |
| [BNRQKRNB](BoardAnalysis/bnrqkrnb.md) | 2000            | 36.2% | 36.2% | 27.5% |
| [BNRQNBKR](BoardAnalysis/bnrqnbkr.md) | 2000            | 34.4% | 34.2% | 31.4% |
| [BNRQNKRB](BoardAnalysis/bnrqnkrb.md) | 2000            | 34.4% | 39.8% | 25.9% |
| [BQNBNRKR](BoardAnalysis/bqnbnrkr.md) | 2000            | 35.7% | 29.6% | 34.8% |
| [BQNBRKNR](BoardAnalysis/bqnbrknr.md) | 2000            | 40.6% | 29.4% | 30.0% |
| [BQNBRKRN](BoardAnalysis/bqnbrkrn.md) | 2000            | 41.4% | 29.6% | 29.0% |
| [BQNBRNKR](BoardAnalysis/bqnbrnkr.md) | 2000            | 36.8% | 30.9% | 32.3% |
| [BQNNRBKR](BoardAnalysis/bqnnrbkr.md) | 2000            | 38.6% | 30.0% | 31.3% |
| [BQNNRKRB](BoardAnalysis/bqnnrkrb.md) | 2000            | 37.2% | 33.4% | 29.4% |
| [BQNRKBNR](BoardAnalysis/bqnrkbnr.md) | 2000            | 37.4% | 29.8% | 32.8% |
| [BQNRKBRN](BoardAnalysis/bqnrkbrn.md) | 2000            | 42.0% | 27.8% | 30.2% |
| [BQNRKNRB](BoardAnalysis/bqnrknrb.md) | 2000            | 38.6% | 31.8% | 29.7% |
| [BQNRKRNB](BoardAnalysis/bqnrkrnb.md) | 2000            | 32.8% | 35.6% | 31.6% |
| [BQNRNBKR](BoardAnalysis/bqnrnbkr.md) | 2000            | 38.1% | 30.4% | 31.6% |
| [BQNRNKRB](BoardAnalysis/bqnrnkrb.md) | 2000            | 36.4% | 36.8% | 26.8% |
| [BQRBKNNR](BoardAnalysis/bqrbknnr.md) | 2000            | 36.2% | 32.5% | 31.4% |
| [BQRBKNRN](BoardAnalysis/bqrbknrn.md) | 2000            | 41.7% | 26.1% | 32.2% |
| [BQRBKRNN](BoardAnalysis/bqrbkrnn.md) | 2000            | 37.4% | 33.4% | 29.2% |
| [BQRBNKNR](BoardAnalysis/bqrbnknr.md) | 2000            | 32.6% | 36.6% | 30.8% |
| [BQRBNKRN](BoardAnalysis/bqrbnkrn.md) | 2000            | 37.2% | 33.5% | 29.2% |
| [BQRBNNKR](BoardAnalysis/bqrbnnkr.md) | 2000            | 38.8% | 32.2% | 29.0% |
| [BQRKNBNR](BoardAnalysis/bqrknbnr.md) | 2000            | 36.8% | 31.8% | 31.4% |
| [BQRKNBRN](BoardAnalysis/bqrknbrn.md) | 2000            | 39.3% | 32.0% | 28.7% |
| [BQRKNNRB](BoardAnalysis/bqrknnrb.md) | 2000            | 37.4% | 36.4% | 26.2% |
| [BQRKNRNB](BoardAnalysis/bqrknrnb.md) | 2000            | 35.4% | 36.0% | 28.6% |
| [BQRKRBNN](BoardAnalysis/bqrkrbnn.md) | 2000            | 38.9% | 30.4% | 30.7% |
| [BQRKRNNB](BoardAnalysis/bqrkrnnb.md) | 2000            | 39.8% | 32.2% | 28.0% |
| [BQRNKBNR](BoardAnalysis/bqrnkbnr.md) | 2000            | 36.2% | 32.0% | 31.8% |
| [BQRNKBRN](BoardAnalysis/bqrnkbrn.md) | 2000            | 45.0% | 27.6% | 27.4% |
| [BQRNKNRB](BoardAnalysis/bqrnknrb.md) | 2000            | 35.2% | 34.4% | 30.4% |
| [BQRNKRNB](BoardAnalysis/bqrnkrnb.md) | 2000            | 37.0% | 35.6% | 27.4% |
| [BQRNNBKR](BoardAnalysis/bqrnnbkr.md) | 2000            | 37.6% | 32.0% | 30.4% |
| [BQRNNKRB](BoardAnalysis/bqrnnkrb.md) | 2000            | 35.6% | 36.6% | 27.8% |
| [BRKBNNQR](BoardAnalysis/brkbnnqr.md) | 2000            | 39.4% | 29.5% | 31.2% |
| [BRKBNNRQ](BoardAnalysis/brkbnnrq.md) | 2000            | 36.5% | 32.8% | 30.6% |
