# Opening Analysis for Chess960: Results

| Board                            | # Played Matches        | White           | Draw           | Black           |
|----------------------------------|:-----------------------:|:---------------:|:--------------:|:---------------:|
| [BBNNQRKR](BoardAnalysis/bbnnqrkr.md) | 2000            | 43.7% | 28.2% | 28.2% |
| [BBNNRKQR](BoardAnalysis/bbnnrkqr.md) | 2000            | 41.0% | 29.3% | 29.6% |
| [BBNNRKRQ](BoardAnalysis/bbnnrkrq.md) | 2000            | 48.0% | 23.0% | 29.0% |
| [BBNNRQKR](BoardAnalysis/bbnnrqkr.md) | 2000            | 38.4% | 27.6% | 34.0% |
| [BBNQNRKR](BoardAnalysis/bbnqnrkr.md) | 2000            | 39.1% | 29.8% | 31.0% |
| [BBNQRKNR](BoardAnalysis/bbnqrknr.md) | 2000            | 40.3% | 28.5% | 31.2% |
| [BBNQRKRN](BoardAnalysis/bbnqrkrn.md) | 2000            | 39.4% | 30.2% | 30.4% |
| [BBNQRNKR](BoardAnalysis/bbnqrnkr.md) | 2000            | 40.5% | 27.4% | 32.2% |
| [BBNRKNQR](BoardAnalysis/bbnrknqr.md) | 2000            | 38.3% | 29.6% | 32.2% |
| [BBNRKNRQ](BoardAnalysis/bbnrknrq.md) | 2000            | 43.6% | 26.0% | 30.4% |
| [BBNRKQNR](BoardAnalysis/bbnrkqnr.md) | 2000            | 36.8% | 31.2% | 32.0% |
| [BBNRKQRN](BoardAnalysis/bbnrkqrn.md) | 2000            | 42.3% | 28.2% | 29.6% |
| [BBNRKRNQ](BoardAnalysis/bbnrkrnq.md) | 2000            | 47.2% | 24.8% | 28.0% |
| [BBNRKRQN](BoardAnalysis/bbnrkrqn.md) | 2000            | 41.4% | 29.0% | 29.6% |
| [BBNRNKQR](BoardAnalysis/bbnrnkqr.md) | 2000            | 43.0% | 27.0% | 30.1% |
| [BBNRNKRQ](BoardAnalysis/bbnrnkrq.md) | 2000            | 44.4% | 26.3% | 29.2% |
| [BBNRNQKR](BoardAnalysis/bbnrnqkr.md) | 2000            | 41.7% | 29.7% | 28.6% |
| [BBNRQKNR](BoardAnalysis/bbnrqknr.md) | 2000            | 43.1% | 30.3% | 26.6% |
| [BBNRQKRN](BoardAnalysis/bbnrqkrn.md) | 2000            | 36.2% | 33.2% | 30.6% |
| [BBNRQNKR](BoardAnalysis/bbnrqnkr.md) | 2000            | 41.4% | 30.4% | 28.2% |
| [BBQNNRKR](BoardAnalysis/bbqnnrkr.md) | 2000            | 34.6% | 30.8% | 34.6% |
| [BBQNRKNR](BoardAnalysis/bbqnrknr.md) | 2000            | 36.8% | 29.0% | 34.2% |
| [BBQNRKRN](BoardAnalysis/bbqnrkrn.md) | 2000            | 42.0% | 26.2% | 31.8% |
| [BBQNRNKR](BoardAnalysis/bbqnrnkr.md) | 2000            | 41.4% | 27.0% | 31.6% |
| [BBQRKNNR](BoardAnalysis/bbqrknnr.md) | 2000            | 40.8% | 29.3% | 29.9% |
| [BBQRKNRN](BoardAnalysis/bbqrknrn.md) | 2000            | 39.0% | 29.6% | 31.4% |
| [BBQRKRNN](BoardAnalysis/bbqrkrnn.md) | 2000            | 44.6% | 28.9% | 26.5% |
| [BBQRNKNR](BoardAnalysis/bbqrnknr.md) | 2000            | 39.9% | 30.3% | 29.8% |
| [BBQRNKRN](BoardAnalysis/bbqrnkrn.md) | 2000            | 35.2% | 36.2% | 28.6% |
| [BBQRNNKR](BoardAnalysis/bbqrnnkr.md) | 2000            | 39.4% | 30.3% | 30.4% |
| [BBRKNNQR](BoardAnalysis/bbrknnqr.md) | 2000            | 39.4% | 30.9% | 29.8% |
| [BBRKNNRQ](BoardAnalysis/bbrknnrq.md) | 2000            | 47.4% | 25.8% | 26.8% |
| [BBRKNQNR](BoardAnalysis/bbrknqnr.md) | 2000            | 38.0% | 30.0% | 32.0% |
| [BBRKNQRN](BoardAnalysis/bbrknqrn.md) | 2000            | 38.8% | 34.3% | 27.0% |
| [BBRKNRNQ](BoardAnalysis/bbrknrnq.md) | 2000            | 42.4% | 28.2% | 29.3% |
| [BBRKNRQN](BoardAnalysis/bbrknrqn.md) | 2000            | 35.6% | 31.6% | 32.9% |
| [BBRKQNNR](BoardAnalysis/bbrkqnnr.md) | 2000            | 42.8% | 28.3% | 28.8% |
| [BBRKQNRN](BoardAnalysis/bbrkqnrn.md) | 2000            | 42.2% | 28.4% | 29.3% |
| [BBRKQRNN](BoardAnalysis/bbrkqrnn.md) | 2000            | 37.5% | 32.2% | 30.3% |
| [BBRKRNNQ](BoardAnalysis/bbrkrnnq.md) | 2000            | 46.5% | 29.4% | 24.2% |
| [BBRKRNQN](BoardAnalysis/bbrkrnqn.md) | 2000            | 40.6% | 30.0% | 29.4% |
| [BBRKRQNN](BoardAnalysis/bbrkrqnn.md) | 2000            | 37.5% | 33.4% | 29.1% |
| [BBRNKNQR](BoardAnalysis/bbrnknqr.md) | 2000            | 38.0% | 27.8% | 34.2% |
| [BBRNKNRQ](BoardAnalysis/bbrnknrq.md) | 2000            | 45.2% | 26.0% | 28.8% |
| [BBRNKQNR](BoardAnalysis/bbrnkqnr.md) | 2000            | 36.2% | 29.8% | 34.0% |
| [BBRNKQRN](BoardAnalysis/bbrnkqrn.md) | 2000            | 39.6% | 30.6% | 29.8% |
