# Opening Analysis for Chess960: Results

| Index | Board                            | # Played Matches        | White           | Draw           | Black           | Average points for White |
|:-----:|----------------------------------|:-----------------------:|:---------------:|:--------------:|:---------------:|:------------------------:|
| 1 | [BBNNQRKR](BoardAnalysis/bbnnqrkr.md) | 100            | 37.0% | 32.0% | 31.0% | 53.0
| 2 | [BBNNRKQR](BoardAnalysis/bbnnrkqr.md) | 100            | 38.0% | 26.0% | 36.0% | 51.0
| 3 | [BBNNRKRQ](BoardAnalysis/bbnnrkrq.md) | 100            | 45.0% | 30.0% | 25.0% | 60.0
| 4 | [BBNNRQKR](BoardAnalysis/bbnnrqkr.md) | 100            | 39.0% | 27.0% | 34.0% | 52.5
| 5 | [BBNQNRKR](BoardAnalysis/bbnqnrkr.md) | 100            | 35.0% | 31.0% | 34.0% | 50.5
| 6 | [BBNQRKNR](BoardAnalysis/bbnqrknr.md) | 100            | 31.0% | 40.0% | 29.0% | 51.0
| 7 | [BBNQRKRN](BoardAnalysis/bbnqrkrn.md) | 100            | 41.0% | 29.0% | 30.0% | 55.5
| 8 | [BBNQRNKR](BoardAnalysis/bbnqrnkr.md) | 100            | 51.0% | 17.0% | 32.0% | 59.5
| 9 | [BBNRKNQR](BoardAnalysis/bbnrknqr.md) | 100            | 31.0% | 38.0% | 31.0% | 50.0
| 10 | [BBNRKNRQ](BoardAnalysis/bbnrknrq.md) | 100            | 49.0% | 24.0% | 27.0% | 61.0
| 11 | [BBNRKQNR](BoardAnalysis/bbnrkqnr.md) | 100            | 43.0% | 36.0% | 21.0% | 61.0
| 12 | [BBNRKQRN](BoardAnalysis/bbnrkqrn.md) | 100            | 48.0% | 22.0% | 30.0% | 59.0
