# Opening Analysis for Chess960: Results

We provide the same list twice, first sorted by [board name](#sorted-by-board-name), and then sorted by [advantage for white](#sorted-by-advantage-for-white).

## Sorted by board name

| Index | Board                            | # Played Matches        | White           | Draw           | Black           | Average points for White |
|:-----:|----------------------------------|:-----------------------:|:---------------:|:--------------:|:---------------:|:------------------------:|
| 1 | [BBNNQRKR](BoardAnalysis/bbnnqrkr.md) | 19700            | 37.3% | 45.0% | 17.7% | 59.8
| 2 | [BBNNRKQR](BoardAnalysis/bbnnrkqr.md) | 19709            | 31.5% | 48.8% | 19.7% | 55.9
| 3 | [BBNNRKRQ](BoardAnalysis/bbnnrkrq.md) | 19690            | 40.4% | 41.8% | 17.8% | 61.3
| 4 | [BBNNRQKR](BoardAnalysis/bbnnrqkr.md) | 19700            | 30.1% | 49.1% | 20.9% | 54.6
| 5 | [BBNQNRKR](BoardAnalysis/bbnqnrkr.md) | 19690            | 30.0% | 50.3% | 19.8% | 55.1
| 6 | [BBNQRKNR](BoardAnalysis/bbnqrknr.md) | 19700            | 28.8% | 51.7% | 19.5% | 54.7
| 7 | [BBNQRKRN](BoardAnalysis/bbnqrkrn.md) | 19690            | 23.6% | 56.8% | 19.6% | 52.0
| 8 | [BBNQRNKR](BoardAnalysis/bbnqrnkr.md) | 19700            | 27.8% | 50.6% | 21.5% | 53.1
| 9 | [BBNRKNQR](BoardAnalysis/bbnrknqr.md) | 19680            | 29.2% | 50.6% | 20.2% | 54.5
| 10 | [BBNRKNRQ](BoardAnalysis/bbnrknrq.md) | 19690            | 31.4% | 46.2% | 22.4% | 54.5
| 11 | [BBNRKQNR](BoardAnalysis/bbnrkqnr.md) | 19690            | 23.8% | 55.6% | 20.5% | 51.7
| 12 | [BBNRKQRN](BoardAnalysis/bbnrkqrn.md) | 19690            | 33.4% | 49.9% | 16.8% | 58.3
| 13 | [BBNRKRNQ](BoardAnalysis/bbnrkrnq.md) | 19680            | 40.4% | 42.8% | 16.8% | 61.8
| 14 | [BBNRKRQN](BoardAnalysis/bbnrkrqn.md) | 19670            | 27.1% | 54.6% | 18.4% | 54.4
| 15 | [BBNRNKQR](BoardAnalysis/bbnrnkqr.md) | 19690            | 31.8% | 49.3% | 18.9% | 56.5
| 16 | [BBNRNKRQ](BoardAnalysis/bbnrnkrq.md) | 19690            | 35.6% | 45.6% | 18.8% | 58.4
| 17 | [BBNRNQKR](BoardAnalysis/bbnrnqkr.md) | 19707            | 29.2% | 52.1% | 18.8% | 55.2
| 18 | [BBNRQKNR](BoardAnalysis/bbnrqknr.md) | 19707            | 30.2% | 51.8% | 18.0% | 56.1
| 19 | [BBNRQKRN](BoardAnalysis/bbnrqkrn.md) | 19670            | 22.7% | 57.7% | 19.6% | 51.6
| 20 | [BBNRQNKR](BoardAnalysis/bbnrqnkr.md) | 19700            | 31.8% | 49.6% | 18.6% | 56.6
| 21 | [BBQNNRKR](BoardAnalysis/bbqnnrkr.md) | 19618            | 23.5% | 56.9% | 19.6% | 52.0
| 22 | [BBQNRKNR](BoardAnalysis/bbqnrknr.md) | 19700            | 26.2% | 50.6% | 23.2% | 51.5
| 23 | [BBQNRKRN](BoardAnalysis/bbqnrkrn.md) | 19680            | 31.2% | 48.7% | 20.1% | 55.6
| 24 | [BBQNRNKR](BoardAnalysis/bbqnrnkr.md) | 19690            | 30.9% | 49.4% | 19.7% | 55.6
| 25 | [BBQRKNNR](BoardAnalysis/bbqrknnr.md) | 19630            | 26.4% | 54.9% | 18.7% | 53.9
| 26 | [BBQRKNRN](BoardAnalysis/bbqrknrn.md) | 19620            | 29.7% | 49.7% | 20.5% | 54.6
| 27 | [BBQRKRNN](BoardAnalysis/bbqrkrnn.md) | 19620            | 31.2% | 51.7% | 17.1% | 57.0
| 28 | [BBQRNKNR](BoardAnalysis/bbqrnknr.md) | 19650            | 27.3% | 54.1% | 18.6% | 54.3
| 29 | [BBQRNKRN](BoardAnalysis/bbqrnkrn.md) | 19640            | 18.7% | 65.8% | 15.5% | 51.6
| 30 | [BBQRNNKR](BoardAnalysis/bbqrnnkr.md) | 19670            | 28.2% | 51.6% | 20.2% | 54.0
| 31 | [BBRKNNQR](BoardAnalysis/bbrknnqr.md) | 19620            | 27.1% | 55.9% | 17.0% | 55.0
| 32 | [BBRKNNRQ](BoardAnalysis/bbrknnrq.md) | 19620            | 37.0% | 45.3% | 17.7% | 59.7
| 33 | [BBRKNQNR](BoardAnalysis/bbrknqnr.md) | 19630            | 26.0% | 53.8% | 20.2% | 52.9
| 34 | [BBRKNQRN](BoardAnalysis/bbrknqrn.md) | 19620            | 27.7% | 55.3% | 17.0% | 55.3
| 35 | [BBRKNRNQ](BoardAnalysis/bbrknrnq.md) | 19620            | 38.1% | 45.5% | 16.4% | 60.8
| 36 | [BBRKNRQN](BoardAnalysis/bbrknrqn.md) | 19620            | 23.9% | 54.9% | 21.2% | 51.4
| 37 | [BBRKQNNR](BoardAnalysis/bbrkqnnr.md) | 19630            | 29.1% | 52.5% | 18.4% | 55.3
| 38 | [BBRKQNRN](BoardAnalysis/bbrkqnrn.md) | 19610            | 30.2% | 49.7% | 20.1% | 55.0
| 39 | [BBRKQRNN](BoardAnalysis/bbrkqrnn.md) | 19620            | 26.8% | 54.1% | 19.1% | 53.8
| 40 | [BBRKRNNQ](BoardAnalysis/bbrkrnnq.md) | 19630            | 37.6% | 47.3% | 15.1% | 61.2
| 41 | [BBRKRNQN](BoardAnalysis/bbrkrnqn.md) | 19630            | 25.9% | 54.4% | 19.7% | 53.1
| 42 | [BBRKRQNN](BoardAnalysis/bbrkrqnn.md) | 19630            | 26.8% | 55.8% | 17.4% | 54.7
| 43 | [BBRNKNQR](BoardAnalysis/bbrnknqr.md) | 19640            | 26.8% | 51.0% | 22.2% | 52.3
| 44 | [BBRNKNRQ](BoardAnalysis/bbrnknrq.md) | 19640            | 37.2% | 45.7% | 17.1% | 60.0
| 45 | [BBRNKQNR](BoardAnalysis/bbrnkqnr.md) | 19640            | 24.0% | 55.2% | 20.8% | 51.6
| 46 | [BBRNKQRN](BoardAnalysis/bbrnkqrn.md) | 19640            | 23.7% | 56.3% | 20.1% | 51.8
| 47 | [BBRNKRNQ](BoardAnalysis/bbrnkrnq.md) | 19630            | 25.5% | 53.7% | 20.8% | 52.3
| 48 | [BBRNKRQN](BoardAnalysis/bbrnkrqn.md) | 19630            | 29.9% | 52.1% | 17.9% | 56.0
| 49 | [BBRNNKQR](BoardAnalysis/bbrnnkqr.md) | 19650            | 26.8% | 52.9% | 20.3% | 53.3
| 50 | [BBRNNKRQ](BoardAnalysis/bbrnnkrq.md) | 19680            | 28.9% | 48.7% | 22.4% | 53.3
| 51 | [BBRNNQKR](BoardAnalysis/bbrnnqkr.md) | 19680            | 25.1% | 53.1% | 21.7% | 51.7
| 52 | [BBRNQKNR](BoardAnalysis/bbrnqknr.md) | 19640            | 24.1% | 55.6% | 20.3% | 51.9
| 53 | [BBRNQKRN](BoardAnalysis/bbrnqkrn.md) | 19640            | 37.8% | 44.1% | 18.0% | 59.9
| 54 | [BBRNQNKR](BoardAnalysis/bbrnqnkr.md) | 19660            | 31.4% | 47.4% | 21.2% | 55.1
| 55 | [BBRQKNNR](BoardAnalysis/bbrqknnr.md) | 19630            | 26.3% | 52.6% | 21.1% | 52.6
| 56 | [BBRQKNRN](BoardAnalysis/bbrqknrn.md) | 19620            | 36.0% | 46.5% | 17.5% | 59.3
| 57 | [BBRQKRNN](BoardAnalysis/bbrqkrnn.md) | 19610            | 39.6% | 44.7% | 15.7% | 62.0
| 58 | [BBRQNKNR](BoardAnalysis/bbrqnknr.md) | 19640            | 28.2% | 50.2% | 21.7% | 53.2
| 59 | [BBRQNKRN](BoardAnalysis/bbrqnkrn.md) | 19640            | 32.5% | 49.6% | 17.9% | 57.3
| 60 | [BBRQNNKR](BoardAnalysis/bbrqnnkr.md) | 19680            | 23.9% | 54.9% | 21.2% | 51.4
| 61 | [BNNBQRKR](BoardAnalysis/bnnbqrkr.md) | 19697            | 30.1% | 50.1% | 19.8% | 55.2
| 62 | [BNNBRKQR](BoardAnalysis/bnnbrkqr.md) | 19700            | 30.4% | 52.0% | 17.6% | 56.4
| 63 | [BNNBRKRQ](BoardAnalysis/bnnbrkrq.md) | 19710            | 31.7% | 50.6% | 17.7% | 57.0
| 64 | [BNNBRQKR](BoardAnalysis/bnnbrqkr.md) | 19700            | 27.3% | 54.0% | 18.7% | 54.3
| 65 | [BNNQRBKR](BoardAnalysis/bnnqrbkr.md) | 19690            | 23.3% | 56.7% | 20.0% | 51.6
| 66 | [BNNQRKRB](BoardAnalysis/bnnqrkrb.md) | 19690            | 23.2% | 58.4% | 18.4% | 52.4
| 67 | [BNNRKBQR](BoardAnalysis/bnnrkbqr.md) | 19700            | 25.5% | 53.9% | 20.7% | 52.4
| 68 | [BNNRKBRQ](BoardAnalysis/bnnrkbrq.md) | 19710            | 34.8% | 46.3% | 18.9% | 57.9
| 69 | [BNNRKQRB](BoardAnalysis/bnnrkqrb.md) | 19700            | 24.3% | 57.1% | 18.6% | 52.9
| 70 | [BNNRKRQB](BoardAnalysis/bnnrkrqb.md) | 19710            | 27.5% | 55.4% | 17.1% | 55.2
| 71 | [BNNRQBKR](BoardAnalysis/bnnrqbkr.md) | 19700            | 33.8% | 49.3% | 16.8% | 58.5
| 72 | [BNNRQKRB](BoardAnalysis/bnnrqkrb.md) | 19700            | 22.6% | 59.4% | 18.0% | 52.3
| 73 | [BNQBNRKR](BoardAnalysis/bnqbnrkr.md) | 19690            | 24.4% | 53.2% | 22.4% | 51.0
| 74 | [BNQBRKNR](BoardAnalysis/bnqbrknr.md) | 19700            | 26.1% | 53.8% | 20.2% | 52.9
| 75 | [BNQBRKRN](BoardAnalysis/bnqbrkrn.md) | 19690            | 30.6% | 50.3% | 19.1% | 55.8
| 76 | [BNQBRNKR](BoardAnalysis/bnqbrnkr.md) | 19700            | 28.4% | 52.8% | 18.8% | 54.8
| 77 | [BNQNRBKR](BoardAnalysis/bnqnrbkr.md) | 19690            | 30.5% | 51.9% | 17.6% | 56.5
| 78 | [BNQNRKRB](BoardAnalysis/bnqnrkrb.md) | 19690            | 24.4% | 57.1% | 18.5% | 52.9
| 79 | [BNQRKBNR](BoardAnalysis/bnqrkbnr.md) | 19700            | 21.6% | 60.1% | 18.3% | 51.6
| 80 | [BNQRKBRN](BoardAnalysis/bnqrkbrn.md) | 19690            | 26.7% | 55.6% | 17.7% | 54.5
| 81 | [BNQRKNRB](BoardAnalysis/bnqrknrb.md) | 19700            | 22.3% | 59.6% | 18.1% | 52.1
| 82 | [BNQRKRNB](BoardAnalysis/bnqrkrnb.md) | 19690            | 24.1% | 59.1% | 16.8% | 53.6
| 83 | [BNQRNBKR](BoardAnalysis/bnqrnbkr.md) | 19700            | 30.7% | 51.9% | 17.4% | 56.6
| 84 | [BNQRNKRB](BoardAnalysis/bnqrnkrb.md) | 19691            | 23.0% | 59.4% | 17.6% | 52.7
| 85 | [BNRBKNQR](BoardAnalysis/bnrbknqr.md) | 19680            | 25.7% | 53.0% | 21.3% | 52.2
| 86 | [BNRBKNRQ](BoardAnalysis/bnrbknrq.md) | 19690            | 29.0% | 52.4% | 18.6% | 55.2
| 87 | [BNRBKQNR](BoardAnalysis/bnrbkqnr.md) | 19690            | 27.4% | 52.8% | 19.8% | 53.8
| 88 | [BNRBKQRN](BoardAnalysis/bnrbkqrn.md) | 19690            | 23.8% | 59.3% | 17.0% | 53.4
| 89 | [BNRBKRNQ](BoardAnalysis/bnrbkrnq.md) | 19680            | 27.7% | 52.9% | 19.4% | 54.2
| 90 | [BNRBKRQN](BoardAnalysis/bnrbkrqn.md) | 19670            | 27.4% | 55.7% | 16.9% | 55.3
| 91 | [BNRBNKQR](BoardAnalysis/bnrbnkqr.md) | 19710            | 24.7% | 54.4% | 20.9% | 51.9
| 92 | [BNRBNKRQ](BoardAnalysis/bnrbnkrq.md) | 19690            | 33.5% | 49.6% | 16.9% | 58.3
| 93 | [BNRBNQKR](BoardAnalysis/bnrbnqkr.md) | 19700            | 27.5% | 54.7% | 17.8% | 54.9
| 94 | [BNRBQKNR](BoardAnalysis/bnrbqknr.md) | 19700            | 23.3% | 54.6% | 22.1% | 50.6
| 95 | [BNRBQKRN](BoardAnalysis/bnrbqkrn.md) | 19670            | 26.7% | 51.5% | 21.8% | 52.5
| 96 | [BNRBQNKR](BoardAnalysis/bnrbqnkr.md) | 19700            | 28.2% | 51.5% | 20.3% | 54.0
| 97 | [BNRKNBQR](BoardAnalysis/bnrknbqr.md) | 19680            | 25.9% | 53.7% | 20.4% | 52.7
| 98 | [BNRKNBRQ](BoardAnalysis/bnrknbrq.md) | 19690            | 30.7% | 50.9% | 18.3% | 56.2
| 99 | [BNRKNQRB](BoardAnalysis/bnrknqrb.md) | 19680            | 24.3% | 55.8% | 19.9% | 52.2
| 100 | [BNRKNRQB](BoardAnalysis/bnrknrqb.md) | 19690            | 20.2% | 62.6% | 17.3% | 51.5
| 101 | [BNRKQBNR](BoardAnalysis/bnrkqbnr.md) | 19690            | 25.1% | 56.0% | 18.9% | 53.1
| 102 | [BNRKQBRN](BoardAnalysis/bnrkqbrn.md) | 19680            | 23.7% | 58.1% | 18.3% | 52.7
| 103 | [BNRKQNRB](BoardAnalysis/bnrkqnrb.md) | 19690            | 27.0% | 55.4% | 17.6% | 54.7
| 104 | [BNRKQRNB](BoardAnalysis/bnrkqrnb.md) | 19680            | 23.5% | 57.0% | 19.5% | 52.0
| 105 | [BNRKRBNQ](BoardAnalysis/bnrkrbnq.md) | 19680            | 26.9% | 55.1% | 18.0% | 54.5
| 106 | [BNRKRBQN](BoardAnalysis/bnrkrbqn.md) | 19670            | 27.2% | 56.0% | 16.8% | 55.2
| 107 | [BNRKRNQB](BoardAnalysis/bnrkrnqb.md) | 19680            | 22.9% | 58.5% | 18.6% | 52.1
| 108 | [BNRKRQNB](BoardAnalysis/bnrkrqnb.md) | 19670            | 24.5% | 56.7% | 18.8% | 52.8
| 109 | [BNRNKBQR](BoardAnalysis/bnrnkbqr.md) | 19710            | 27.4% | 53.3% | 19.2% | 54.1
| 110 | [BNRNKBRQ](BoardAnalysis/bnrnkbrq.md) | 19690            | 33.1% | 48.4% | 18.4% | 57.4
| 111 | [BNRNKQRB](BoardAnalysis/bnrnkqrb.md) | 19710            | 25.7% | 54.9% | 19.4% | 53.1
| 112 | [BNRNKRQB](BoardAnalysis/bnrnkrqb.md) | 19690            | 25.5% | 53.3% | 21.2% | 52.1
| 113 | [BNRNQBKR](BoardAnalysis/bnrnqbkr.md) | 19700            | 30.5% | 51.3% | 18.1% | 56.2
| 114 | [BNRNQKRB](BoardAnalysis/bnrnqkrb.md) | 19700            | 27.1% | 55.5% | 17.5% | 54.8
| 115 | [BNRQKBNR](BoardAnalysis/bnrqkbnr.md) | 19700            | 19.1% | 63.9% | 17.0% | 51.0
| 116 | [BNRQKBRN](BoardAnalysis/bnrqkbrn.md) | 19670            | 27.2% | 54.9% | 17.9% | 54.7
| 117 | [BNRQKNRB](BoardAnalysis/bnrqknrb.md) | 19700            | 25.3% | 55.8% | 18.9% | 53.2
| 118 | [BNRQKRNB](BoardAnalysis/bnrqkrnb.md) | 19660            | 22.5% | 59.1% | 18.4% | 52.0
| 119 | [BNRQNBKR](BoardAnalysis/bnrqnbkr.md) | 19700            | 22.2% | 57.6% | 20.2% | 51.0
| 120 | [BNRQNKRB](BoardAnalysis/bnrqnkrb.md) | 19700            | 23.5% | 57.9% | 18.6% | 52.4
| 121 | [BQNBNRKR](BoardAnalysis/bqnbnrkr.md) | 19716            | 25.9% | 52.0% | 22.1% | 51.9
| 122 | [BQNBRKNR](BoardAnalysis/bqnbrknr.md) | 19698            | 31.8% | 48.8% | 19.4% | 56.2
| 123 | [BQNBRKRN](BoardAnalysis/bqnbrkrn.md) | 19680            | 33.2% | 48.7% | 18.1% | 57.6
| 124 | [BQNBRNKR](BoardAnalysis/bqnbrnkr.md) | 19690            | 27.5% | 51.1% | 21.4% | 53.0
| 125 | [BQNNRBKR](BoardAnalysis/bqnnrbkr.md) | 19716            | 27.6% | 53.1% | 19.3% | 54.1
| 126 | [BQNNRKRB](BoardAnalysis/bqnnrkrb.md) | 19716            | 26.0% | 56.1% | 17.9% | 54.0
| 127 | [BQNRKBNR](BoardAnalysis/bqnrkbnr.md) | 19690            | 21.9% | 59.1% | 19.1% | 51.4
| 128 | [BQNRKBRN](BoardAnalysis/bqnrkbrn.md) | 19680            | 30.1% | 50.9% | 19.0% | 55.5
| 129 | [BQNRKNRB](BoardAnalysis/bqnrknrb.md) | 19690            | 22.8% | 56.3% | 20.9% | 51.0
| 130 | [BQNRKRNB](BoardAnalysis/bqnrkrnb.md) | 19680            | 20.4% | 61.0% | 18.7% | 50.9
| 131 | [BQNRNBKR](BoardAnalysis/bqnrnbkr.md) | 19690            | 26.3% | 53.4% | 20.3% | 53.0
| 132 | [BQNRNKRB](BoardAnalysis/bqnrnkrb.md) | 19690            | 23.1% | 59.4% | 17.5% | 52.8
| 133 | [BQRBKNNR](BoardAnalysis/bqrbknnr.md) | 19630            | 24.7% | 56.4% | 19.0% | 52.9
| 134 | [BQRBKNRN](BoardAnalysis/bqrbknrn.md) | 19620            | 38.5% | 44.1% | 17.4% | 60.5
| 135 | [BQRBKRNN](BoardAnalysis/bqrbkrnn.md) | 19620            | 23.0% | 59.3% | 17.7% | 52.7
| 136 | [BQRBNKNR](BoardAnalysis/bqrbnknr.md) | 19640            | 21.5% | 59.8% | 18.7% | 51.4
| 137 | [BQRBNKRN](BoardAnalysis/bqrbnkrn.md) | 19640            | 25.4% | 56.2% | 18.4% | 53.5
| 138 | [BQRBNNKR](BoardAnalysis/bqrbnnkr.md) | 19670            | 25.3% | 55.4% | 19.3% | 53.0
| 139 | [BQRKNBNR](BoardAnalysis/bqrknbnr.md) | 19630            | 22.4% | 56.6% | 20.9% | 50.8
| 140 | [BQRKNBRN](BoardAnalysis/bqrknbrn.md) | 19620            | 27.2% | 53.7% | 19.1% | 54.0
| 141 | [BQRKNNRB](BoardAnalysis/bqrknnrb.md) | 19630            | 18.9% | 65.5% | 15.6% | 51.6
| 142 | [BQRKNRNB](BoardAnalysis/bqrknrnb.md) | 19620            | 23.5% | 57.6% | 18.9% | 52.3
| 143 | [BQRKRBNN](BoardAnalysis/bqrkrbnn.md) | 19620            | 28.6% | 51.1% | 20.3% | 54.2
| 144 | [BQRKRNNB](BoardAnalysis/bqrkrnnb.md) | 19620            | 26.4% | 55.4% | 18.3% | 54.0
| 145 | [BQRNKBNR](BoardAnalysis/bqrnkbnr.md) | 19640            | 24.7% | 55.3% | 20.0% | 52.4
| 146 | [BQRNKBRN](BoardAnalysis/bqrnkbrn.md) | 19640            | 35.7% | 48.4% | 15.9% | 59.9
| 147 | [BQRNKNRB](BoardAnalysis/bqrnknrb.md) | 19640            | 21.4% | 62.6% | 16.0% | 52.7
| 148 | [BQRNKRNB](BoardAnalysis/bqrnkrnb.md) | 19640            | 18.7% | 66.7% | 14.6% | 52.0
| 149 | [BQRNNBKR](BoardAnalysis/bqrnnbkr.md) | 19670            | 24.3% | 54.2% | 21.5% | 51.4
| 150 | [BQRNNKRB](BoardAnalysis/bqrnnkrb.md) | 19664            | 23.0% | 59.4% | 17.7% | 52.7
| 151 | [BRKBNNQR](BoardAnalysis/brkbnnqr.md) | 19620            | 26.3% | 54.2% | 19.4% | 53.5
| 152 | [BRKBNNRQ](BoardAnalysis/brkbnnrq.md) | 19620            | 23.8% | 56.3% | 19.9% | 52.0
| 153 | [BRKBNQNR](BoardAnalysis/brkbnqnr.md) | 19630            | 29.3% | 51.9% | 18.8% | 55.2
| 154 | [BRKBNQRN](BoardAnalysis/brkbnqrn.md) | 19620            | 25.8% | 55.9% | 18.3% | 53.7
| 155 | [BRKBNRNQ](BoardAnalysis/brkbnrnq.md) | 19620            | 28.5% | 54.0% | 17.6% | 55.5
| 156 | [BRKBNRQN](BoardAnalysis/brkbnrqn.md) | 19620            | 23.8% | 59.5% | 16.6% | 53.6
| 157 | [BRKBQNNR](BoardAnalysis/brkbqnnr.md) | 19630            | 28.6% | 52.2% | 19.2% | 54.7
| 158 | [BRKBQNRN](BoardAnalysis/brkbqnrn.md) | 19630            | 24.9% | 55.8% | 19.3% | 52.8
| 159 | [BRKBQRNN](BoardAnalysis/brkbqrnn.md) | 19619            | 31.7% | 52.9% | 15.4% | 58.1
| 160 | [BRKBRNNQ](BoardAnalysis/brkbrnnq.md) | 19628            | 30.7% | 53.6% | 15.7% | 57.5
| 161 | [BRKBRNQN](BoardAnalysis/brkbrnqn.md) | 19630            | 24.5% | 57.2% | 18.4% | 53.1
| 162 | [BRKBRQNN](BoardAnalysis/brkbrqnn.md) | 19630            | 25.4% | 55.1% | 19.5% | 53.0
| 163 | [BRKNNBQR](BoardAnalysis/brknnbqr.md) | 19620            | 26.4% | 55.4% | 18.2% | 54.1
| 164 | [BRKNNBRQ](BoardAnalysis/brknnbrq.md) | 19620            | 26.1% | 55.6% | 18.2% | 54.0
| 165 | [BRKNNQRB](BoardAnalysis/brknnqrb.md) | 19617            | 24.1% | 58.6% | 17.3% | 53.4
| 166 | [BRKNNRQB](BoardAnalysis/brknnrqb.md) | 19620            | 21.8% | 61.5% | 16.7% | 52.6
| 167 | [BRKNQBNR](BoardAnalysis/brknqbnr.md) | 19630            | 32.1% | 49.9% | 18.0% | 57.1
| 168 | [BRKNQBRN](BoardAnalysis/brknqbrn.md) | 19615            | 28.5% | 51.7% | 19.8% | 54.4
| 169 | [BRKNQNRB](BoardAnalysis/brknqnrb.md) | 19629            | 24.9% | 55.5% | 19.6% | 52.7
| 170 | [BRKNQRNB](BoardAnalysis/brknqrnb.md) | 19610            | 24.9% | 57.6% | 17.6% | 53.7
| 171 | [BRKNRBNQ](BoardAnalysis/brknrbnq.md) | 19620            | 28.4% | 51.2% | 20.4% | 54.0
| 172 | [BRKNRBQN](BoardAnalysis/brknrbqn.md) | 19620            | 24.6% | 56.9% | 18.5% | 53.1
| 173 | [BRKNRNQB](BoardAnalysis/brknrnqb.md) | 19620            | 28.4% | 54.7% | 16.9% | 55.7
| 174 | [BRKNRQNB](BoardAnalysis/brknrqnb.md) | 19620            | 23.5% | 57.7% | 18.8% | 52.4
| 175 | [BRKQNBNR](BoardAnalysis/brkqnbnr.md) | 19640            | 30.4% | 50.9% | 18.7% | 55.9
| 176 | [BRKQNBRN](BoardAnalysis/brkqnbrn.md) | 19624            | 25.0% | 53.8% | 21.3% | 51.8
| 177 | [BRKQNNRB](BoardAnalysis/brkqnnrb.md) | 19640            | 27.9% | 53.8% | 18.2% | 54.8
| 178 | [BRKQNRNB](BoardAnalysis/brkqnrnb.md) | 19620            | 27.9% | 52.9% | 19.2% | 54.3
| 179 | [BRKQRBNN](BoardAnalysis/brkqrbnn.md) | 19610            | 32.0% | 52.2% | 15.7% | 58.2
| 180 | [BRKQRNNB](BoardAnalysis/brkqrnnb.md) | 19610            | 24.9% | 57.6% | 17.5% | 53.7
| 181 | [BRKRNBNQ](BoardAnalysis/brkrnbnq.md) | 19630            | 28.9% | 52.1% | 19.1% | 54.9
| 182 | [BRKRNBQN](BoardAnalysis/brkrnbqn.md) | 19625            | 22.3% | 61.2% | 16.5% | 52.9
| 183 | [BRKRNNQB](BoardAnalysis/brkrnnqb.md) | 19630            | 23.8% | 58.1% | 18.1% | 52.8
| 184 | [BRKRNQNB](BoardAnalysis/brkrnqnb.md) | 19630            | 23.7% | 56.6% | 19.7% | 52.0
| 185 | [BRKRQBNN](BoardAnalysis/brkrqbnn.md) | 19630            | 24.5% | 57.5% | 18.1% | 53.2
| 186 | [BRKRQNNB](BoardAnalysis/brkrqnnb.md) | 19629            | 23.6% | 59.6% | 16.8% | 53.4
| 187 | [BRNBKNQR](BoardAnalysis/brnbknqr.md) | 19640            | 27.3% | 50.5% | 22.2% | 52.6
| 188 | [BRNBKNRQ](BoardAnalysis/brnbknrq.md) | 19640            | 27.0% | 55.4% | 17.6% | 54.7
| 189 | [BRNBKQNR](BoardAnalysis/brnbkqnr.md) | 19640            | 28.7% | 52.0% | 19.3% | 54.7
| 190 | [BRNBKQRN](BoardAnalysis/brnbkqrn.md) | 19633            | 27.8% | 54.5% | 17.7% | 55.1
| 191 | [BRNBKRNQ](BoardAnalysis/brnbkrnq.md) | 19630            | 27.0% | 52.0% | 20.9% | 53.1
| 192 | [BRNBKRQN](BoardAnalysis/brnbkrqn.md) | 19630            | 24.3% | 57.3% | 18.4% | 52.9
| 193 | [BRNBNKQR](BoardAnalysis/brnbnkqr.md) | 19650            | 24.9% | 55.1% | 20.0% | 52.5
| 194 | [BRNBNKRQ](BoardAnalysis/brnbnkrq.md) | 19680            | 34.5% | 48.0% | 17.6% | 58.4
| 195 | [BRNBNQKR](BoardAnalysis/brnbnqkr.md) | 19680            | 26.1% | 55.1% | 18.8% | 53.6
| 196 | [BRNBQKNR](BoardAnalysis/brnbqknr.md) | 19640            | 26.2% | 53.3% | 20.6% | 52.8
| 197 | [BRNBQKRN](BoardAnalysis/brnbqkrn.md) | 19638            | 28.1% | 51.4% | 20.6% | 53.7
| 198 | [BRNBQNKR](BoardAnalysis/brnbqnkr.md) | 19660            | 26.6% | 54.5% | 18.8% | 53.9
| 199 | [BRNKNBQR](BoardAnalysis/brnknbqr.md) | 19640            | 25.9% | 52.9% | 21.2% | 52.3
| 200 | [BRNKNBRQ](BoardAnalysis/brnknbrq.md) | 19640            | 28.3% | 53.1% | 18.6% | 54.9
| 201 | [BRNKNQRB](BoardAnalysis/brnknqrb.md) | 19640            | 23.4% | 58.5% | 18.1% | 52.6
| 202 | [BRNKNRQB](BoardAnalysis/brnknrqb.md) | 19640            | 18.3% | 65.0% | 16.8% | 50.7
| 203 | [BRNKQBNR](BoardAnalysis/brnkqbnr.md) | 19640            | 28.6% | 52.2% | 19.3% | 54.7
| 204 | [BRNKQBRN](BoardAnalysis/brnkqbrn.md) | 19630            | 28.1% | 52.9% | 19.0% | 54.6
| 205 | [BRNKQNRB](BoardAnalysis/brnkqnrb.md) | 19640            | 23.8% | 57.1% | 19.1% | 52.3
| 206 | [BRNKQRNB](BoardAnalysis/brnkqrnb.md) | 19630            | 23.8% | 57.5% | 18.7% | 52.5
| 207 | [BRNKRBNQ](BoardAnalysis/brnkrbnq.md) | 19630            | 29.9% | 51.0% | 19.1% | 55.4
| 208 | [BRNKRBQN](BoardAnalysis/brnkrbqn.md) | 19630            | 23.5% | 59.8% | 16.7% | 53.4
| 209 | [BRNKRNQB](BoardAnalysis/brnkrnqb.md) | 19630            | 21.9% | 58.3% | 19.9% | 51.0
| 210 | [BRNKRQNB](BoardAnalysis/brnkrqnb.md) | 19630            | 24.5% | 56.7% | 18.8% | 52.9
| 211 | [BRNNKBQR](BoardAnalysis/brnnkbqr.md) | 19650            | 34.8% | 47.5% | 17.7% | 58.6
| 212 | [BRNNKBRQ](BoardAnalysis/brnnkbrq.md) | 19680            | 23.4% | 57.6% | 19.0% | 52.2
| 213 | [BRNNKQRB](BoardAnalysis/brnnkqrb.md) | 19690            | 24.9% | 55.5% | 19.7% | 52.6
| 214 | [BRNNKRQB](BoardAnalysis/brnnkrqb.md) | 19680            | 19.8% | 64.1% | 16.0% | 51.9
| 215 | [BRNNQBKR](BoardAnalysis/brnnqbkr.md) | 19680            | 26.9% | 53.9% | 19.3% | 53.8
| 216 | [BRNNQKRB](BoardAnalysis/brnnqkrb.md) | 19680            | 27.1% | 56.8% | 16.1% | 55.5
| 217 | [BRNQKBNR](BoardAnalysis/brnqkbnr.md) | 19640            | 22.0% | 59.7% | 18.3% | 51.8
| 218 | [BRNQKBRN](BoardAnalysis/brnqkbrn.md) | 19630            | 31.3% | 49.3% | 19.4% | 56.0
| 219 | [BRNQKNRB](BoardAnalysis/brnqknrb.md) | 19640            | 22.1% | 57.9% | 20.0% | 51.0
| 220 | [BRNQKRNB](BoardAnalysis/brnqkrnb.md) | 19630            | 20.3% | 62.8% | 16.9% | 51.7
| 221 | [BRNQNBKR](BoardAnalysis/brnqnbkr.md) | 19660            | 22.7% | 57.2% | 20.2% | 51.3
| 222 | [BRNQNKRB](BoardAnalysis/brnqnkrb.md) | 19650            | 22.8% | 60.0% | 17.1% | 52.9
| 223 | [BRQBKNNR](BoardAnalysis/brqbknnr.md) | 19630            | 27.3% | 51.8% | 20.9% | 53.2
| 224 | [BRQBKNRN](BoardAnalysis/brqbknrn.md) | 19620            | 33.6% | 46.9% | 19.5% | 57.1
| 225 | [BRQBKRNN](BoardAnalysis/brqbkrnn.md) | 19628            | 26.9% | 54.7% | 18.4% | 54.3
| 226 | [BRQBNKNR](BoardAnalysis/brqbnknr.md) | 19640            | 20.6% | 61.7% | 17.7% | 51.4
| 227 | [BRQBNKRN](BoardAnalysis/brqbnkrn.md) | 19640            | 21.3% | 60.9% | 17.8% | 51.8
| 228 | [BRQBNNKR](BoardAnalysis/brqbnnkr.md) | 19680            | 23.2% | 57.1% | 19.7% | 51.8
| 229 | [BRQKNBNR](BoardAnalysis/brqknbnr.md) | 19630            | 22.4% | 58.8% | 18.8% | 51.8
| 230 | [BRQKNBRN](BoardAnalysis/brqknbrn.md) | 19620            | 23.4% | 57.8% | 18.8% | 52.3
| 231 | [BRQKNNRB](BoardAnalysis/brqknnrb.md) | 19640            | 24.4% | 57.6% | 18.0% | 53.2
| 232 | [BRQKNRNB](BoardAnalysis/brqknrnb.md) | 19620            | 24.6% | 56.2% | 19.2% | 52.7
| 233 | [BRQKRBNN](BoardAnalysis/brqkrbnn.md) | 19620            | 33.7% | 48.9% | 17.5% | 58.1
| 234 | [BRQKRNNB](BoardAnalysis/brqkrnnb.md) | 19620            | 31.6% | 50.4% | 18.0% | 56.8
| 235 | [BRQNKBNR](BoardAnalysis/brqnkbnr.md) | 19640            | 24.2% | 56.7% | 19.1% | 52.5
| 236 | [BRQNKBRN](BoardAnalysis/brqnkbrn.md) | 19640            | 31.0% | 49.3% | 19.7% | 55.6
| 237 | [BRQNKNRB](BoardAnalysis/brqnknrb.md) | 19640            | 24.1% | 58.1% | 17.8% | 53.1
| 238 | [BRQNKRNB](BoardAnalysis/brqnkrnb.md) | 19636            | 23.1% | 59.1% | 17.7% | 52.7
| 239 | [BRQNNBKR](BoardAnalysis/brqnnbkr.md) | 19680            | 25.2% | 53.7% | 21.1% | 52.1
| 240 | [BRQNNKRB](BoardAnalysis/brqnnkrb.md) | 19680            | 23.2% | 60.2% | 16.6% | 53.3
| 241 | [NBBNQRKR](BoardAnalysis/nbbnqrkr.md) | 19690            | 25.9% | 55.0% | 19.1% | 53.4
| 242 | [NBBNRKQR](BoardAnalysis/nbbnrkqr.md) | 19700            | 24.8% | 56.5% | 18.7% | 53.0
| 243 | [NBBNRKRQ](BoardAnalysis/nbbnrkrq.md) | 19710            | 26.7% | 53.5% | 19.8% | 53.5
| 244 | [NBBNRQKR](BoardAnalysis/nbbnrqkr.md) | 19700            | 25.0% | 57.2% | 17.9% | 53.6
| 245 | [NBBQNRKR](BoardAnalysis/nbbqnrkr.md) | 19690            | 22.6% | 58.0% | 19.4% | 51.6
| 246 | [NBBQRKNR](BoardAnalysis/nbbqrknr.md) | 19700            | 26.5% | 55.3% | 18.2% | 54.2
| 247 | [NBBQRKRN](BoardAnalysis/nbbqrkrn.md) | 19690            | 26.3% | 56.5% | 17.2% | 54.5
| 248 | [NBBQRNKR](BoardAnalysis/nbbqrnkr.md) | 19690            | 24.1% | 57.9% | 18.0% | 53.0
| 249 | [NBBRKNQR](BoardAnalysis/nbbrknqr.md) | 19680            | 27.4% | 53.0% | 19.6% | 53.9
| 250 | [NBBRKNRQ](BoardAnalysis/nbbrknrq.md) | 19690            | 25.2% | 56.6% | 18.1% | 53.6
| 251 | [NBBRKQNR](BoardAnalysis/nbbrkqnr.md) | 19690            | 31.8% | 52.4% | 15.8% | 58.0
| 252 | [NBBRKQRN](BoardAnalysis/nbbrkqrn.md) | 19680            | 28.0% | 53.1% | 18.8% | 54.6
| 253 | [NBBRKRNQ](BoardAnalysis/nbbrkrnq.md) | 19680            | 26.1% | 53.8% | 20.1% | 53.0
| 254 | [NBBRKRQN](BoardAnalysis/nbbrkrqn.md) | 19663            | 24.3% | 56.1% | 19.6% | 52.4
| 255 | [NBBRNKQR](BoardAnalysis/nbbrnkqr.md) | 19706            | 28.1% | 53.2% | 18.7% | 54.7
| 256 | [NBBRNKRQ](BoardAnalysis/nbbrnkrq.md) | 19690            | 23.9% | 55.9% | 20.2% | 51.8
| 257 | [NBBRNQKR](BoardAnalysis/nbbrnqkr.md) | 19700            | 28.8% | 54.4% | 16.9% | 55.9
| 258 | [NBBRQKNR](BoardAnalysis/nbbrqknr.md) | 19700            | 26.0% | 56.7% | 17.3% | 54.3
| 259 | [NBBRQKRN](BoardAnalysis/nbbrqkrn.md) | 19660            | 23.9% | 58.0% | 18.2% | 52.8
| 260 | [NBBRQNKR](BoardAnalysis/nbbrqnkr.md) | 19700            | 26.0% | 54.9% | 19.2% | 53.4
| 261 | [NBNQBRKR](BoardAnalysis/nbnqbrkr.md) | 19690            | 29.6% | 50.9% | 19.5% | 55.0
| 262 | [NBNQRKBR](BoardAnalysis/nbnqrkbr.md) | 19703            | 24.8% | 56.6% | 18.6% | 53.1
| 263 | [NBNRBKQR](BoardAnalysis/nbnrbkqr.md) | 19700            | 31.7% | 48.9% | 19.4% | 56.1
| 264 | [NBNRBKRQ](BoardAnalysis/nbnrbkrq.md) | 19700            | 26.8% | 54.9% | 18.2% | 54.3
| 265 | [NBNRBQKR](BoardAnalysis/nbnrbqkr.md) | 19690            | 37.6% | 44.1% | 18.3% | 59.6
| 266 | [NBNRKQBR](BoardAnalysis/nbnrkqbr.md) | 19690            | 28.5% | 52.6% | 19.0% | 54.7
| 267 | [NBNRKRBQ](BoardAnalysis/nbnrkrbq.md) | 19700            | 24.4% | 55.6% | 20.0% | 52.2
| 268 | [NBNRQKBR](BoardAnalysis/nbnrqkbr.md) | 19690            | 27.5% | 55.5% | 17.0% | 55.3
| 269 | [NBQNBRKR](BoardAnalysis/nbqnbrkr.md) | 19704            | 35.4% | 46.2% | 18.3% | 58.5
| 270 | [NBQNRKBR](BoardAnalysis/nbqnrkbr.md) | 19700            | 25.7% | 56.0% | 18.3% | 53.7
| 271 | [NBQRBKNR](BoardAnalysis/nbqrbknr.md) | 19690            | 28.3% | 53.0% | 18.7% | 54.8
| 272 | [NBQRBKRN](BoardAnalysis/nbqrbkrn.md) | 19680            | 31.2% | 52.1% | 16.7% | 57.2
| 273 | [NBQRBNKR](BoardAnalysis/nbqrbnkr.md) | 19690            | 33.6% | 50.0% | 16.4% | 58.6
| 274 | [NBQRKNBR](BoardAnalysis/nbqrknbr.md) | 19690            | 20.2% | 62.0% | 17.8% | 51.2
| 275 | [NBQRKRBN](BoardAnalysis/nbqrkrbn.md) | 19680            | 36.6% | 47.0% | 16.3% | 60.1
| 276 | [NBQRNKBR](BoardAnalysis/nbqrnkbr.md) | 19706            | 24.4% | 56.6% | 19.0% | 52.7
| 277 | [NBRKBNQR](BoardAnalysis/nbrkbnqr.md) | 19670            | 29.9% | 52.8% | 17.3% | 56.3
| 278 | [NBRKBNRQ](BoardAnalysis/nbrkbnrq.md) | 19680            | 36.5% | 48.3% | 15.2% | 60.6
| 279 | [NBRKBQNR](BoardAnalysis/nbrkbqnr.md) | 19690            | 35.2% | 47.8% | 17.1% | 59.0
| 280 | [NBRKBQRN](BoardAnalysis/nbrkbqrn.md) | 19680            | 30.5% | 51.9% | 17.5% | 56.5
| 281 | [NBRKBRNQ](BoardAnalysis/nbrkbrnq.md) | 19680            | 24.6% | 56.0% | 19.4% | 52.6
| 282 | [NBRKBRQN](BoardAnalysis/nbrkbrqn.md) | 19650            | 33.3% | 48.5% | 18.2% | 57.6
| 283 | [NBRKNQBR](BoardAnalysis/nbrknqbr.md) | 19650            | 34.1% | 47.3% | 18.6% | 57.7
| 284 | [NBRKNRBQ](BoardAnalysis/nbrknrbq.md) | 19680            | 27.9% | 54.0% | 18.2% | 54.9
| 285 | [NBRKQNBR](BoardAnalysis/nbrkqnbr.md) | 19680            | 34.4% | 48.5% | 17.0% | 58.7
| 286 | [NBRKQRBN](BoardAnalysis/nbrkqrbn.md) | 19680            | 38.6% | 45.9% | 15.5% | 61.5
| 287 | [NBRKRNBQ](BoardAnalysis/nbrkrnbq.md) | 19680            | 22.6% | 59.4% | 18.0% | 52.3
| 288 | [NBRKRQBN](BoardAnalysis/nbrkrqbn.md) | 19690            | 28.1% | 52.3% | 19.6% | 54.2
| 289 | [NBRNBKQR](BoardAnalysis/nbrnbkqr.md) | 19700            | 23.0% | 55.4% | 21.6% | 50.7
| 290 | [NBRNBKRQ](BoardAnalysis/nbrnbkrq.md) | 19706            | 32.1% | 50.2% | 17.7% | 57.2
| 291 | [NBRNBQKR](BoardAnalysis/nbrnbqkr.md) | 19700            | 27.9% | 52.0% | 20.1% | 53.9
| 292 | [NBRNKQBR](BoardAnalysis/nbrnkqbr.md) | 19700            | 23.5% | 53.6% | 22.9% | 50.3
| 293 | [NBRNKRBQ](BoardAnalysis/nbrnkrbq.md) | 19700            | 32.0% | 51.6% | 16.4% | 57.8
| 294 | [NBRNQKBR](BoardAnalysis/nbrnqkbr.md) | 19690            | 24.7% | 57.4% | 17.9% | 53.4
| 295 | [NBRQBKNR](BoardAnalysis/nbrqbknr.md) | 19700            | 28.8% | 54.3% | 16.9% | 56.0
| 296 | [NBRQBKRN](BoardAnalysis/nbrqbkrn.md) | 19650            | 33.2% | 50.4% | 16.4% | 58.4
| 297 | [NBRQBNKR](BoardAnalysis/nbrqbnkr.md) | 19690            | 25.8% | 58.5% | 15.8% | 55.0
| 298 | [NBRQKNBR](BoardAnalysis/nbrqknbr.md) | 19690            | 30.7% | 52.5% | 16.8% | 57.0
| 299 | [NBRQKRBN](BoardAnalysis/nbrqkrbn.md) | 19690            | 42.2% | 44.0% | 13.8% | 64.2
| 300 | [NBRQNKBR](BoardAnalysis/nbrqnkbr.md) | 19690            | 25.6% | 56.2% | 18.2% | 53.7
| 301 | [NNBBQRKR](BoardAnalysis/nnbbqrkr.md) | 19690            | 24.6% | 55.8% | 19.6% | 52.5
| 302 | [NNBBRKQR](BoardAnalysis/nnbbrkqr.md) | 19700            | 23.8% | 60.1% | 16.1% | 53.8
| 303 | [NNBBRKRQ](BoardAnalysis/nnbbrkrq.md) | 19700            | 24.1% | 55.4% | 20.5% | 51.8
| 304 | [NNBBRQKR](BoardAnalysis/nnbbrqkr.md) | 19700            | 24.7% | 57.7% | 17.6% | 53.6
| 305 | [NNBQRBKR](BoardAnalysis/nnbqrbkr.md) | 19690            | 21.7% | 60.8% | 17.5% | 52.1
| 306 | [NNBQRKRB](BoardAnalysis/nnbqrkrb.md) | 19690            | 21.6% | 60.7% | 17.7% | 52.0
| 307 | [NNBRKBQR](BoardAnalysis/nnbrkbqr.md) | 19700            | 33.4% | 49.7% | 16.9% | 58.2
| 308 | [NNBRKBRQ](BoardAnalysis/nnbrkbrq.md) | 19700            | 27.5% | 53.8% | 18.7% | 54.4
| 309 | [NNBRKQRB](BoardAnalysis/nnbrkqrb.md) | 19700            | 30.9% | 53.1% | 16.0% | 57.5
| 310 | [NNBRKRQB](BoardAnalysis/nnbrkrqb.md) | 19700            | 28.7% | 51.4% | 19.9% | 54.4
| 311 | [NNBRQBKR](BoardAnalysis/nnbrqbkr.md) | 19692            | 25.4% | 57.4% | 17.2% | 54.1
| 312 | [NNBRQKRB](BoardAnalysis/nnbrqkrb.md) | 19690            | 26.0% | 56.4% | 17.6% | 54.2
| 313 | [NNQBBRKR](BoardAnalysis/nnqbbrkr.md) | 19710            | 24.2% | 56.5% | 19.3% | 52.4
| 314 | [NNQBRKBR](BoardAnalysis/nnqbrkbr.md) | 19700            | 26.9% | 56.8% | 16.4% | 55.2
| 315 | [NNQRBBKR](BoardAnalysis/nnqrbbkr.md) | 19710            | 25.2% | 57.1% | 17.8% | 53.7
| 316 | [NNQRBKRB](BoardAnalysis/nnqrbkrb.md) | 19710            | 22.9% | 58.0% | 19.2% | 51.8
| 317 | [NNQRKBBR](BoardAnalysis/nnqrkbbr.md) | 19700            | 30.2% | 52.9% | 16.9% | 56.6
| 318 | [NNQRKRBB](BoardAnalysis/nnqrkrbb.md) | 19700            | 24.0% | 58.5% | 17.5% | 53.3
| 319 | [NNRBBKQR](BoardAnalysis/nnrbbkqr.md) | 19700            | 28.3% | 51.9% | 19.8% | 54.2
| 320 | [NNRBBKRQ](BoardAnalysis/nnrbbkrq.md) | 19700            | 29.8% | 49.2% | 21.0% | 54.4
| 321 | [NNRBBQKR](BoardAnalysis/nnrbbqkr.md) | 19690            | 27.4% | 53.7% | 18.9% | 54.3
| 322 | [NNRBKQBR](BoardAnalysis/nnrbkqbr.md) | 19690            | 29.2% | 52.2% | 18.7% | 55.2
| 323 | [NNRBKRBQ](BoardAnalysis/nnrbkrbq.md) | 19700            | 31.7% | 52.7% | 15.6% | 58.0
| 324 | [NNRBQKBR](BoardAnalysis/nnrbqkbr.md) | 19710            | 27.3% | 54.5% | 18.2% | 54.5
| 325 | [NNRKBBQR](BoardAnalysis/nnrkbbqr.md) | 19693            | 28.0% | 54.2% | 17.9% | 55.0
| 326 | [NNRKBBRQ](BoardAnalysis/nnrkbbrq.md) | 19700            | 28.2% | 54.4% | 17.3% | 55.4
| 327 | [NNRKBQRB](BoardAnalysis/nnrkbqrb.md) | 19690            | 28.9% | 52.9% | 18.1% | 55.4
| 328 | [NNRKBRQB](BoardAnalysis/nnrkbrqb.md) | 19700            | 27.7% | 54.9% | 17.4% | 55.1
| 329 | [NNRKQBBR](BoardAnalysis/nnrkqbbr.md) | 19690            | 25.3% | 55.7% | 19.0% | 53.1
| 330 | [NNRKQRBB](BoardAnalysis/nnrkqrbb.md) | 19690            | 35.7% | 47.5% | 16.9% | 59.4
| 331 | [NNRKRBBQ](BoardAnalysis/nnrkrbbq.md) | 19694            | 27.0% | 55.5% | 17.5% | 54.8
| 332 | [NNRKRQBB](BoardAnalysis/nnrkrqbb.md) | 19690            | 26.5% | 53.9% | 19.6% | 53.4
| 333 | [NNRQBBKR](BoardAnalysis/nnrqbbkr.md) | 19690            | 29.7% | 52.8% | 17.5% | 56.1
| 334 | [NNRQBKRB](BoardAnalysis/nnrqbkrb.md) | 19690            | 25.1% | 58.5% | 16.5% | 54.3
| 335 | [NNRQKBBR](BoardAnalysis/nnrqkbbr.md) | 19710            | 33.9% | 48.8% | 17.3% | 58.3
| 336 | [NNRQKRBB](BoardAnalysis/nnrqkrbb.md) | 19710            | 30.1% | 52.2% | 17.7% | 56.2
| 337 | [NQBBNRKR](BoardAnalysis/nqbbnrkr.md) | 19710            | 27.8% | 53.2% | 18.9% | 54.5
| 338 | [NQBBRKNR](BoardAnalysis/nqbbrknr.md) | 19700            | 24.2% | 56.2% | 19.6% | 52.3
| 339 | [NQBBRKRN](BoardAnalysis/nqbbrkrn.md) | 19680            | 26.9% | 55.1% | 18.0% | 54.4
| 340 | [NQBBRNKR](BoardAnalysis/nqbbrnkr.md) | 19690            | 26.2% | 55.6% | 18.2% | 54.0
| 341 | [NQBNRBKR](BoardAnalysis/nqbnrbkr.md) | 19710            | 27.6% | 53.2% | 19.2% | 54.2
| 342 | [NQBNRKRB](BoardAnalysis/nqbnrkrb.md) | 19709            | 24.3% | 58.1% | 17.6% | 53.4
| 343 | [NQBRKBNR](BoardAnalysis/nqbrkbnr.md) | 19696            | 28.8% | 54.8% | 16.3% | 56.3
| 344 | [NQBRKBRN](BoardAnalysis/nqbrkbrn.md) | 19680            | 32.2% | 51.3% | 16.6% | 57.8
| 345 | [NQBRKNRB](BoardAnalysis/nqbrknrb.md) | 19690            | 22.0% | 62.4% | 15.6% | 53.2
| 346 | [NQBRKRNB](BoardAnalysis/nqbrkrnb.md) | 19680            | 23.7% | 58.5% | 17.8% | 52.9
| 347 | [NQBRNBKR](BoardAnalysis/nqbrnbkr.md) | 19690            | 23.9% | 58.0% | 18.2% | 52.8
| 348 | [NQBRNKRB](BoardAnalysis/nqbrnkrb.md) | 19690            | 20.9% | 60.9% | 18.2% | 51.3
| 349 | [NQNBBRKR](BoardAnalysis/nqnbbrkr.md) | 19700            | 26.2% | 53.2% | 20.6% | 52.8
| 350 | [NQNBRKBR](BoardAnalysis/nqnbrkbr.md) | 19700            | 20.9% | 59.5% | 19.6% | 50.6
| 351 | [NQNRBBKR](BoardAnalysis/nqnrbbkr.md) | 19700            | 28.3% | 54.2% | 17.5% | 55.4
| 352 | [NQNRBKRB](BoardAnalysis/nqnrbkrb.md) | 19700            | 25.9% | 56.4% | 17.7% | 54.1
| 353 | [NQNRKBBR](BoardAnalysis/nqnrkbbr.md) | 19700            | 22.9% | 59.6% | 17.5% | 52.7
| 354 | [NQNRKRBB](BoardAnalysis/nqnrkrbb.md) | 19700            | 26.5% | 55.9% | 17.6% | 54.5
| 355 | [NQRBBKNR](BoardAnalysis/nqrbbknr.md) | 19690            | 22.2% | 59.4% | 18.4% | 51.9
| 356 | [NQRBBKRN](BoardAnalysis/nqrbbkrn.md) | 19680            | 28.5% | 53.9% | 17.5% | 55.5
| 357 | [NQRBBNKR](BoardAnalysis/nqrbbnkr.md) | 19710            | 26.1% | 55.1% | 18.8% | 53.7
| 358 | [NQRBKNBR](BoardAnalysis/nqrbknbr.md) | 19710            | 24.5% | 58.3% | 17.2% | 53.6
| 359 | [NQRBKRBN](BoardAnalysis/nqrbkrbn.md) | 19680            | 37.0% | 48.2% | 14.8% | 61.1
| 360 | [NQRBNKBR](BoardAnalysis/nqrbnkbr.md) | 19700            | 25.7% | 56.6% | 17.7% | 54.0
| 361 | [NQRKBBNR](BoardAnalysis/nqrkbbnr.md) | 19690            | 24.1% | 57.7% | 18.2% | 52.9
| 362 | [NQRKBBRN](BoardAnalysis/nqrkbbrn.md) | 19680            | 34.6% | 49.5% | 16.0% | 59.3
| 363 | [NQRKBNRB](BoardAnalysis/nqrkbnrb.md) | 19690            | 27.1% | 53.0% | 19.9% | 53.6
| 364 | [NQRKBRNB](BoardAnalysis/nqrkbrnb.md) | 19680            | 25.8% | 56.1% | 18.1% | 53.8
| 365 | [NQRKNBBR](BoardAnalysis/nqrknbbr.md) | 19710            | 23.9% | 53.4% | 22.7% | 50.6
| 366 | [NQRKNRBB](BoardAnalysis/nqrknrbb.md) | 19710            | 29.4% | 51.6% | 19.0% | 55.2
| 367 | [NQRKRBBN](BoardAnalysis/nqrkrbbn.md) | 19676            | 25.7% | 53.3% | 20.9% | 52.4
| 368 | [NQRKRNBB](BoardAnalysis/nqrkrnbb.md) | 19670            | 25.9% | 55.0% | 19.0% | 53.4
| 369 | [NQRNBBKR](BoardAnalysis/nqrnbbkr.md) | 19710            | 29.8% | 52.6% | 17.6% | 56.1
| 370 | [NQRNBKRB](BoardAnalysis/nqrnbkrb.md) | 19710            | 23.1% | 60.1% | 16.8% | 53.2
| 371 | [NQRNKBBR](BoardAnalysis/nqrnkbbr.md) | 19700            | 27.4% | 54.4% | 18.2% | 54.6
| 372 | [NQRNKRBB](BoardAnalysis/nqrnkrbb.md) | 19700            | 27.8% | 51.9% | 20.4% | 53.7
| 373 | [NRBBKNQR](BoardAnalysis/nrbbknqr.md) | 19680            | 30.4% | 50.2% | 19.4% | 55.5
| 374 | [NRBBKNRQ](BoardAnalysis/nrbbknrq.md) | 19690            | 32.7% | 46.5% | 20.8% | 55.9
| 375 | [NRBBKQNR](BoardAnalysis/nrbbkqnr.md) | 19690            | 30.8% | 51.4% | 17.7% | 56.6
| 376 | [NRBBKQRN](BoardAnalysis/nrbbkqrn.md) | 19680            | 30.2% | 50.7% | 19.1% | 55.6
| 377 | [NRBBKRNQ](BoardAnalysis/nrbbkrnq.md) | 19680            | 35.0% | 45.6% | 19.4% | 57.8
| 378 | [NRBBKRQN](BoardAnalysis/nrbbkrqn.md) | 19660            | 28.3% | 54.4% | 17.2% | 55.6
| 379 | [NRBBNKQR](BoardAnalysis/nrbbnkqr.md) | 19700            | 40.8% | 43.5% | 15.7% | 62.6
| 380 | [NRBBNKRQ](BoardAnalysis/nrbbnkrq.md) | 19710            | 29.3% | 52.2% | 18.4% | 55.4
| 381 | [NRBBNQKR](BoardAnalysis/nrbbnqkr.md) | 19700            | 26.8% | 54.4% | 18.9% | 53.9
| 382 | [NRBBQKNR](BoardAnalysis/nrbbqknr.md) | 19700            | 25.9% | 55.2% | 18.9% | 53.5
| 383 | [NRBBQKRN](BoardAnalysis/nrbbqkrn.md) | 19660            | 26.4% | 56.2% | 17.4% | 54.5
| 384 | [NRBBQNKR](BoardAnalysis/nrbbqnkr.md) | 19700            | 26.4% | 53.4% | 20.2% | 53.1
| 385 | [NRBKNBQR](BoardAnalysis/nrbknbqr.md) | 19680            | 32.9% | 49.0% | 18.1% | 57.4
| 386 | [NRBKNBRQ](BoardAnalysis/nrbknbrq.md) | 19690            | 27.5% | 51.9% | 20.7% | 53.4
| 387 | [NRBKNQRB](BoardAnalysis/nrbknqrb.md) | 19670            | 32.9% | 48.9% | 18.2% | 57.4
| 388 | [NRBKNRQB](BoardAnalysis/nrbknrqb.md) | 19680            | 35.4% | 48.3% | 16.2% | 59.6
| 389 | [NRBKQBNR](BoardAnalysis/nrbkqbnr.md) | 19690            | 36.7% | 47.0% | 16.3% | 60.2
| 390 | [NRBKQBRN](BoardAnalysis/nrbkqbrn.md) | 19680            | 30.7% | 52.0% | 17.3% | 56.7
| 391 | [NRBKQNRB](BoardAnalysis/nrbkqnrb.md) | 19690            | 26.8% | 55.8% | 17.4% | 54.7
| 392 | [NRBKQRNB](BoardAnalysis/nrbkqrnb.md) | 19680            | 31.5% | 49.7% | 18.8% | 56.3
| 393 | [NRBKRBNQ](BoardAnalysis/nrbkrbnq.md) | 19680            | 25.3% | 54.2% | 20.5% | 52.4
| 394 | [NRBKRBQN](BoardAnalysis/nrbkrbqn.md) | 19660            | 31.3% | 52.2% | 16.5% | 57.4
| 395 | [NRBKRNQB](BoardAnalysis/nrbkrnqb.md) | 19680            | 29.8% | 49.5% | 20.7% | 54.6
| 396 | [NRBKRQNB](BoardAnalysis/nrbkrqnb.md) | 19650            | 28.8% | 55.4% | 15.8% | 56.5
| 397 | [NRBNKBQR](BoardAnalysis/nrbnkbqr.md) | 19700            | 33.4% | 48.5% | 18.2% | 57.6
| 398 | [NRBNKBRQ](BoardAnalysis/nrbnkbrq.md) | 19710            | 25.3% | 54.3% | 20.4% | 52.4
| 399 | [NRBNKQRB](BoardAnalysis/nrbnkqrb.md) | 19700            | 23.2% | 59.0% | 17.8% | 52.7
| 400 | [NRBNKRQB](BoardAnalysis/nrbnkrqb.md) | 19710            | 25.4% | 56.5% | 18.1% | 53.6
| 401 | [NRBNQBKR](BoardAnalysis/nrbnqbkr.md) | 19700            | 28.8% | 52.8% | 18.4% | 55.2
| 402 | [NRBNQKRB](BoardAnalysis/nrbnqkrb.md) | 19700            | 24.2% | 56.7% | 19.1% | 52.6
| 403 | [NRBQKBNR](BoardAnalysis/nrbqkbnr.md) | 19700            | 33.1% | 50.1% | 16.7% | 58.2
| 404 | [NRBQKBRN](BoardAnalysis/nrbqkbrn.md) | 19660            | 24.5% | 57.2% | 18.2% | 53.1
| 405 | [NRBQKNRB](BoardAnalysis/nrbqknrb.md) | 19700            | 26.9% | 54.1% | 19.0% | 54.0
| 406 | [NRBQKRNB](BoardAnalysis/nrbqkrnb.md) | 19650            | 25.0% | 57.7% | 17.3% | 53.9
| 407 | [NRBQNBKR](BoardAnalysis/nrbqnbkr.md) | 19693            | 24.2% | 56.6% | 19.2% | 52.5
| 408 | [NRBQNKRB](BoardAnalysis/nrbqnkrb.md) | 19690            | 24.1% | 59.1% | 16.8% | 53.6
| 409 | [NRKBBNQR](BoardAnalysis/nrkbbnqr.md) | 19667            | 27.6% | 51.9% | 20.5% | 53.6
| 410 | [NRKBBNRQ](BoardAnalysis/nrkbbnrq.md) | 19680            | 28.7% | 52.9% | 18.4% | 55.1
| 411 | [NRKBBQNR](BoardAnalysis/nrkbbqnr.md) | 19680            | 29.7% | 50.7% | 19.7% | 55.0
| 412 | [NRKBBQRN](BoardAnalysis/nrkbbqrn.md) | 19680            | 25.0% | 54.3% | 20.7% | 52.2
