# Opening Analysis for Chess960: Results

| Board                            | # Played Matches        | White           | Draw           | Black           |
|----------------------------------|:-----------------------:|:---------------:|:--------------:|:---------------:|
| [BBNNQRKR](BoardAnalysis/bbnnqrkr.md) | 19700            | 37.3% | 45.0% | 17.7% |
| [BBNNRKQR](BoardAnalysis/bbnnrkqr.md) | 19709            | 31.5% | 48.8% | 19.7% |
| [BBNNRKRQ](BoardAnalysis/bbnnrkrq.md) | 19690            | 40.4% | 41.8% | 17.8% |
| [BBNNRQKR](BoardAnalysis/bbnnrqkr.md) | 19700            | 30.1% | 49.1% | 20.9% |
| [BBNQNRKR](BoardAnalysis/bbnqnrkr.md) | 19690            | 30.0% | 50.3% | 19.8% |
| [BBNQRKNR](BoardAnalysis/bbnqrknr.md) | 19700            | 28.8% | 51.7% | 19.5% |
| [BBNQRKRN](BoardAnalysis/bbnqrkrn.md) | 19690            | 23.6% | 56.8% | 19.6% |
| [BBNQRNKR](BoardAnalysis/bbnqrnkr.md) | 19700            | 27.8% | 50.6% | 21.5% |
| [BBNRKNQR](BoardAnalysis/bbnrknqr.md) | 19680            | 29.2% | 50.6% | 20.2% |
| [BBNRKNRQ](BoardAnalysis/bbnrknrq.md) | 19690            | 31.4% | 46.2% | 22.4% |
| [BBNRKQNR](BoardAnalysis/bbnrkqnr.md) | 19690            | 23.8% | 55.6% | 20.5% |
| [BBNRKQRN](BoardAnalysis/bbnrkqrn.md) | 19690            | 33.4% | 49.9% | 16.8% |
| [BBNRKRNQ](BoardAnalysis/bbnrkrnq.md) | 19680            | 40.4% | 42.8% | 16.8% |
| [BBNRKRQN](BoardAnalysis/bbnrkrqn.md) | 19670            | 27.1% | 54.6% | 18.4% |
| [BBNRNKQR](BoardAnalysis/bbnrnkqr.md) | 19690            | 31.8% | 49.3% | 18.9% |
| [BBNRNKRQ](BoardAnalysis/bbnrnkrq.md) | 19690            | 35.6% | 45.6% | 18.8% |
| [BBNRNQKR](BoardAnalysis/bbnrnqkr.md) | 19707            | 29.2% | 52.1% | 18.8% |
| [BBNRQKNR](BoardAnalysis/bbnrqknr.md) | 19707            | 30.2% | 51.8% | 18.0% |
